paper/figures/group_llr_dv_tbl.ecsv
# %ECSV 0.9
# ---
# datatype:
# - {name: group_id, datatype: int32}
# - {name: dv, unit: km / s, datatype: float64}
# - {name: lnH1_no_rv, datatype: float64}
# - {name: lnH2_no_rv, datatype: float64}
# - {name: lnH1_rv, datatype: float64}
# - {name: lnH2_rv, datatype: float64}
# - {name: R_mu, datatype: float64}
# - {name: R_RV, datatype: float64}
# - {name: dv_15, unit: km / s, datatype: float64}
# - {name: dv_50, unit: km / s, datatype: float64}
# - {name: dv_85, unit: km / s, datatype: float64}
# - {name: sep_2d, unit: deg, datatype: float64}
# - {name: sep_3d, unit: pc, datatype: float64}
# schema: astropy-2.0
group_id dv lnH1_no_rv lnH2_no_rv lnH1_rv lnH2_rv R_mu R_RV dv_15 dv_50 dv_85 sep_2d sep_3d
324 30.0052501658 6.58733954789 -0.241256114292 -8.09594694293 -9.47046778004 6.82859566218 1.37452083711 21.9971878064 30.1500308362 38.3573568359 2.03010728078 6.42962461462
328 28.8483441581 4.76057046659 -0.488403268681 -10.2838954464 -9.63015231522 5.24897373527 -0.65374313118 22.1481013261 29.1596029148 36.1793485418 2.84918200171 9.325026032
344 15.297026752 4.67421401561 -0.608056659207 -6.26735762483 -13.515221558 5.28227067482 7.24786393317 5.65225639978 18.7164445085 38.4036386559 3.19580366328 5.08747274406
355 27.1894903942 3.71397525664 -3.09213422479 -12.3073522244 -15.6650594946 6.80610948143 3.3577072702 21.6092790051 29.9660132447 38.3931959773 1.72353613879 6.01102081741
372 81.6584211872 4.26646170787 -2.99626499819 -117.838760205 -13.4664125562 7.26272670606 -104.372347649 76.3133417645 81.7266899009 87.1352472511 1.72029766048 4.89568569826
392 64.2033975082 2.48492040927 -3.40981940892 -52.7111892173 -18.8785001716 5.89473981819 -33.8326890457 56.3093716015 64.2127887761 72.1579514106 4.91123520585 8.6808819002
425 26.7107471908 3.64444194048 -3.24884057635 -12.2420615396 -13.1274639059 6.89328251683 0.8854023663 20.5351034373 26.8520529598 33.2041961566 3.7514627796 9.61854572432
450 32.6145839556 7.85201446007 2.10675454126 -13.7015798459 -6.90351138042 5.74525991881 -6.79806846548 26.7707743013 32.7774287993 38.7080907741 2.91832446272 9.47134944585
458 21.3069481944 7.26877971613 1.53921592935 -8.38860748345 -7.13322107488 5.72956378678 -1.25538640857 16.5188636157 21.4082271676 26.296740936 2.47932644642 7.54214620064
465 5.8453069397 4.32140520179 -1.84748464969 -3.46876797974 -12.0739696696 6.16888985148 8.60520168986 2.31081722593 6.06958358031 11.2696625139 3.45873922621 6.03137610815
468 1.12363229746 4.34963061524 -2.78399628206 -3.36869981281 -11.5695338802 7.1336268973 8.20083406739 2.81222547678 7.59896828422 15.8099493261 0.00355652070699 0.342189775866
473 37.1545874834 6.92359668194 1.43999727963 -24.5555317664 -10.8984098953 5.48359940231 -13.6571218711 31.6640538181 37.2490737702 42.896280726 3.29309868537 7.45065466808
483 62.9989550037 7.26904906798 1.41177448278 -83.1924687329 -10.4629488857 5.8572745852 -72.7295198472 58.1105701443 63.0174598734 67.8975197395 0.975137257332 2.48128255476
558 9.60098300918 5.28639453982 -0.482600021583 -2.87119860679 -9.1908097603 5.7689945614 6.31961115351 4.49625199183 9.80141140947 16.0311749757 4.90327856818 9.0756955973
568 9.54491561963 6.8912809222 0.977779838533 -2.35840492664 -8.72582794499 5.91350108367 6.36742301835 4.74619829967 9.66526370437 14.8975057849 1.65013005684 6.05179430113
575 23.0737047653 5.51176802944 -0.212889757861 -10.6805727432 -10.5583456621 5.7246577873 -0.1222270811 16.7383987967 23.1143943661 29.511817128 3.68650151353 6.91932783618
590 21.1515424727 4.83139050234 -0.877086631517 -11.7124992623 -12.3861949258 5.70847713386 0.6736956635 16.8769754573 21.7850820742 26.7279683345 3.37610287492 9.49634500108
605 27.3142673438 6.58648569853 0.907183885152 -5.06265931362 -7.73140494491 5.67930181338 2.66874563129 17.9132914366 27.3019150049 36.7296621139 0.854960592672 7.64334243182
613 1.38882575477 6.71319067927 0.406941557274 -0.155345177445 -8.66298770643 6.306249122 8.50764252899 2.24078096871 4.32413427869 7.2132078063 0.243544919821 1.67573646376
623 29.5694269951 4.85041244066 -1.19064237758 -8.00321246439 -10.1263531154 6.04105481824 2.12314065101 21.051456064 29.646576565 38.2349783876 5.11270881203 8.94505518497
645 23.15188762 6.23491110262 0.505590407428 -9.66336259316 -9.00081092393 5.72932069519 -0.66255166923 17.6465704782 23.209489401 28.7744165371 2.22846713382 6.59040636765
724 7.23181929309 5.15502145091 -1.5334398269 -5.45335168636 -16.2350565953 6.68846127781 10.7817049089 5.01749787381 8.53811154674 12.2165051335 0.00898271881917 5.4017233194
729 34.3265680145 6.4318964573 0.475728241979 -23.9243688401 -9.68434151326 5.95616821532 -14.2400273268 29.247948224 34.3792855235 39.4628486219 3.32176969342 7.14758640861
733 39.0523236029 6.21816679554 1.1412009345 -17.0602141602 -11.1453749752 5.07696586104 -5.914839185 28.7457204802 39.061810006 49.4612315921 4.46098726705 7.50355229095
746 49.5198230018 2.11804282416 -4.30393746302 -8.69227757756 -13.767738157 6.42198028718 5.07546057944 28.524645191 49.628615164 70.6913402895 3.58235573653 6.84853175406
747 7.84624726431 8.91827989876 3.71780954091 -4.38945726033 -12.9915694777 5.20047035785 8.60211221737 4.55922413281 8.25532884713 12.5940073769 2.2982155351 5.84028114613
762 37.7662996699 7.07960092267 1.63996576606 -15.4934617282 -9.83196516923 5.43963515661 -5.66149655897 30.4168353473 37.8216645004 45.3879962995 1.52987956566 5.82344530221
784 31.0077748794 3.13391114711 -4.02333678387 -17.1794170035 -14.3030322147 7.15724793098 -2.8763847888 25.0975689206 31.2598766594 37.5217958829 2.91092041103 8.51348240358
798 10.7582211407 8.67479691971 3.31861389961 -1.77602693654 -8.84434773615 5.3561830201 7.06832079961 4.38112841523 10.8118737237 17.7980501756 0.897983815162 6.61758165736
821 25.374110614 6.15071674206 1.12640146481 -13.9401056234 -9.10729599936 5.02431527725 -4.83280962404 20.601418998 25.436752978 30.3163880666 3.76310826246 9.94031583394
834 28.580256066 6.12133172388 0.870732820638 -10.0320480486 -9.441651179 5.25059890324 -0.5903968696 20.2506909669 28.654825849 37.0476295577 4.11225577278 9.01323907335
835 29.23623395 6.31485749538 0.937026904936 -18.9687289669 -8.79732265665 5.37783059044 -10.1714063102 24.5338830782 29.2463797365 33.9660541411 3.60472622564 9.15789144509
864 17.3649616791 4.05969570438 -2.75105504408 -6.37351905153 -11.8142992142 6.81075074846 5.44078016267 10.9909711959 17.5949805414 24.2681916998 0.461785465402 8.46586658391
882 24.9190662581 6.46324925651 0.899643992403 -9.10444549771 -9.20771934339 5.56360526411 0.10327384568 19.2126250937 25.3723820613 31.4442835111 2.11315321653 6.02837368526
884 6.36687813273 7.29046463234 1.82281848109 0.0961472947931 -6.09604751556 5.46764615125 6.19219481035 2.20723177754 6.73337233226 13.082225493 0.00516525656017 0.683473341217
896 21.8459232241 4.85371853661 -1.32499699281 -9.69069904866 -13.8710531619 6.17871552942 4.18035411324 15.4335271213 22.0542722884 28.840451481 2.20780010046 6.74857682735
902 11.9014185038 6.74621524361 2.35598561654 -3.41703685538 -9.68273962047 4.39022962707 6.26570276509 7.07115389326 11.9085018896 16.8250033755 3.5035845943 9.32573943403
905 32.3016587219 3.1950937957 -3.33727194069 -27.5693964689 -12.7138581208 6.53236573639 -14.8555383481 27.7346670907 32.4372297634 37.0609663854 3.91238631734 7.22368790853
927 63.0037237616 8.23385886418 2.81792529416 -51.4209967392 -12.5232067888 5.41593357002 -38.8977899504 56.4024154317 63.0822603439 69.8418172907 2.26616422064 7.18014445149
942 17.3720749579 3.30606085535 -3.70922842555 -5.84548710395 -12.8747615056 7.0152892809 7.02927440165 8.84030400878 17.9622886857 28.5435293816 2.59642898826 6.59527375272
957 7.41333182807 5.39765452085 -0.515667522187 -2.65960746365 -10.7878989048 5.91332204304 8.12829144115 2.76705154568 7.92931126072 15.4163879513 2.83720597408 4.58660539169
974 14.2461380349 8.40557752189 2.62461295332 -1.64695704417 -7.85999016149 5.78096456857 6.21303311732 6.39633248254 14.4733598753 24.216475463 2.51090943633 8.73413017504
980 32.0115590822 3.19811937202 -3.26884838371 -18.2609232182 -13.179398372 6.46696775573 -5.0815248462 25.7511683485 32.0457938763 38.3334672764 4.6111058235 6.79669731744
997 11.7669592685 8.80220829256 3.53869322753 -2.16589932593 -6.27555910391 5.26351506503 4.10965977798 7.47255788011 11.7794112241 16.1399247196 2.34192111241 9.74386093613
1014 46.8014990821 3.64374037142 -1.79087992973 -42.2909179522 -11.1569269607 5.43462030115 -31.1339909915 41.8365931285 47.0248436356 52.2435666368 1.98409066589 6.31036074411
1017 44.3309557774 9.17062017491 4.06541258048 -18.3277395282 -6.913156558 5.10520759443 -11.4145829702 36.8434761866 44.4107527371 51.958283293 0.968762439746 4.46531694437
1024 12.1319484762 7.16526801893 1.80888661447 -2.43348542225 -6.88300277657 5.35638140446 4.44951735432 7.69170042512 12.1913765767 16.7550861775 3.33571673382 8.83428012141
1025 59.6505848946 5.96100443375 -0.243730247304 -17.4465954908 -11.2406841313 6.20473468105 -6.2059113595 48.4352381186 59.7115531093 70.8939979781 3.72018642983 8.13896645775
1063 4.09643497126 7.06501376909 0.775303232564 -0.971406211098 -8.53803032666 6.28971053653 7.56662411556 2.72855091568 7.78976916302 16.2719090702 0.768303747839 2.18125450245
1093 12.5075256967 5.55589694511 0.196200764711 -3.29473856149 -8.54333084412 5.3596961804 5.24859228263 5.00090988289 13.79365318 27.4108358195 5.63338324911 9.00276144847
1095 17.31625714 9.25376942599 3.9946184964 -4.13515009876 -10.4351359498 5.25915092959 6.29998585104 9.72669282568 17.4147886134 25.2001808111 1.17940895508 4.10653921484
1114 39.9701741306 1.77588626535 -4.99499622861 -15.4864102154 -15.5393420509 6.77088249396 0.0529318355 26.96889993 40.132946249 53.4276539088 5.44994528432 8.6915365281
1120 0.702050824466 6.50077229177 0.691147883975 -0.68075102635 -7.55268667116 5.80962440779 6.87193564481 2.46694547905 6.66514274793 13.9901663176 2.14431181293 5.08137527534
1139 3.79914124734 6.09792881793 0.416951606202 -5.24197812949 -13.5564310349 5.68097721173 8.31445290541 3.32541408727 6.1584473996 11.8634709996 2.33456935851 8.08332782051
1178 20.5039175444 3.41561672987 -2.52635666023 -16.0579055809 -16.3644466031 5.9419733901 0.3065410222 16.9916060961 21.4672052482 25.969111064 2.72862693796 4.74738823661
1203 16.7576839394 7.8365103146 1.97364960127 -5.54318309666 -6.38973345172 5.86286071333 0.84655035506 12.3955737146 16.8170738526 21.2276763679 0.851054904544 6.68664364248
1219 12.3603321598 7.22917947077 1.40061047212 -3.10176158463 -8.3932999094 5.82856899865 5.29153832477 7.51669961102 12.6338476311 17.8492265687 1.82651590676 5.35397784586
1221 51.4142344561 7.50663044561 1.68774049245 -21.0292596021 -7.96603108425 5.81888995316 -13.0632285179 43.4883205207 51.448789707 59.4344570657 1.97263230923 8.21200779535
1224 38.0985157417 8.19587367346 2.85017202266 -13.5287642315 -7.08795237406 5.3457016508 -6.44081185744 30.8872266881 38.1047605812 45.342979774 2.38273319188 8.88757707192
1229 7.62250833324 3.66611439873 -3.2747330603 -4.50710419411 -12.6817579967 6.94084745903 8.17465380259 3.88723214123 8.80844929144 17.0535716872 4.00480751275 9.78270714786
1240 8.24596185023 10.1626514786 4.81555030368 -0.656945897184 -9.43581437672 5.34710117492 8.77886847954 3.0374160309 8.78504466793 17.0677103388 1.16620659132 9.84754497641
1243 77.5430365567 3.99581492352 -0.853571075666 -100.433016884 -12.4702663254 4.84938599919 -87.9627505586 71.8839151446 77.5419808422 83.2120739078 6.59993130957 6.9823789786
1253 6.12801431166 1.89420661526 -4.14428769704 -6.15952668146 -13.1973893177 6.0384943123 7.03786263624 6.34121506375 12.1258706496 22.5732405838 4.34213424928 9.04310537767
1254 14.830395634 2.18433832784 -4.70327620335 -10.0132136123 -13.6521211432 6.88761453119 3.6389075309 11.3716680653 15.5797258749 19.8045783593 0.823129539373 1.12660264486
1256 13.4141757346 0.0246677784815 -6.63125295475 -16.4363931996 -18.6957434015 6.65592073323 2.2593502019 10.8206842312 16.4236118725 28.7093234927 10.4393257695 8.57826113568
1275 44.1518122084 5.65635706987 -0.165774343252 -30.8557368149 -13.4749537789 5.82213141312 -17.380783036 37.657586403 44.310038551 50.984709725 2.67054599745 8.96273024152
1305 27.6167523414 6.51568700608 0.99247458421 -6.78998736997 -8.15596875317 5.52321242187 1.3659813832 19.2598905675 27.5853200585 35.8528221212 2.78297824553 5.28741412648
1336 5.30130751643 7.58081782274 1.65964633 -0.688148513505 -8.59467731762 5.92117149274 7.90652880412 2.89403453967 5.93116256944 10.1972225419 0.262980894073 4.30740371505
1358 56.06324981 3.61202142417 -2.4756886782 -9.71114319444 -16.2459566206 6.08771010237 6.53481342616 36.6127655225 56.1479023792 75.6053560926 4.51173756205 6.23679912879
1370 14.9119251594 8.37813366894 3.1951656865 -10.101539638 -13.9906461729 5.18296798244 3.8891065349 8.00717190849 14.9515376938 22.9225585885 3.35546442211 8.97805221388
1373 47.7080854536 6.4311382071 1.49940573342 -10.7103508621 -8.24534150976 4.93173247368 -2.46500935234 36.7405530046 47.7241844562 58.6013070088 5.41818153631 9.88771295583
1391 20.8620299817 7.6256055119 2.12078338754 -6.93161754635 -6.51064718848 5.50482212436 -0.42097035787 15.7605315352 20.9674230898 26.2350366581 1.14690160469 7.64611718402
1397 17.3118937376 6.95335292966 1.66092801623 -4.77927670917 -9.4603153104 5.29242491343 4.68103860123 10.6235112848 17.4362627533 24.2943851569 1.5914395138 3.59989450806
1405 10.7094386782 8.96863274432 3.48488770424 -0.373593904222 -6.12742469967 5.48374504008 5.75383079545 5.22122136916 10.7827192995 16.4762492813 2.92458630143 9.82925045127
1426 46.1743354414 7.20763152227 1.54386826866 -23.0882901733 -10.5924887457 5.66376325361 -12.4958014276 39.1039366966 46.2449996287 53.3941944756 0.00862611099332 8.48594353702
1434 14.1600482782 7.20455011046 1.20931923173 -5.38110983052 -9.35814294452 5.99523087873 3.977033114 9.66030355216 14.3047982909 18.9857254008 2.2264506202 9.52692535925
1443 8.0565763556 6.51170310658 0.330971275512 -2.81606400055 -11.5836860537 6.18073183107 8.76762205315 4.49303846204 8.58365164516 13.1993881051 2.89869934725 8.80894261314
1445 1.20610317484 6.3626672379 -0.474668118294 -0.559840639569 -9.73525436263 6.83733535619 9.17541372306 2.10063019777 4.35484808446 7.5702583438 2.41619796257 6.84518470581
1453 8.76232408672 6.21729291215 0.784895605793 -2.20373592131 -7.82468792937 5.43239730636 5.62095200806 3.89646156414 8.79256712885 13.7660039737 0.0574221306367 0.90875499362
1454 37.5872355682 6.51861091921 0.851036541507 -15.6618901313 -9.03144893483 5.6675743777 -6.63044119647 29.9953579888 37.6131937297 45.200044503 4.02383023206 8.02586746293
1473 20.8713890483 2.89969834151 -4.27336599522 -7.39177587424 -13.7991711022 7.17306433673 6.40739522796 10.3850737303 20.7861398424 31.3294715783 1.44092103594 1.81357598505
1480 4.55635831056 5.7920208048 0.0994093495915 -3.36390998559 -12.2292343438 5.69261145521 8.86532435821 3.48775420326 7.11726406075 13.2525301316 1.71813075636 4.5518420653
1481 14.803174412 7.40070948948 1.80394205796 -0.802779276937 -6.53159104404 5.59676743152 5.7288117671 5.43101365731 14.9377895178 26.4225091829 2.36820864492 5.31314015518
1482 22.1022047853 6.51937139343 0.481579775499 -18.1202252035 -16.5059783013 6.03779161793 -1.6142469022 18.0403902047 22.2130163437 26.4317610201 2.65178703759 7.00009928001
1497 28.9948488212 2.98853490863 -3.41872963161 -12.5555650647 -13.2877731446 6.40726454024 0.7322080799 19.4669347583 29.0146413798 38.6638737026 4.93130286311 6.06110147903
1500 9.59127722699 5.98733914667 0.533994700973 -1.55047147566 -7.75508710699 5.4533444457 6.20461563133 3.92343975296 10.120400814 18.6417210996 4.48733131483 9.52807673395
1503 16.7838980046 5.97633945212 0.103719384565 -6.88426078548 -8.78877492794 5.87262006756 1.90451414246 12.2877103438 17.0733368523 21.91375962 3.24631967978 8.77756070952
1515 6.4950337048 0.588552851099 -4.9314539725 -6.92190194593 -14.174016576 5.5200068236 7.25211463007 4.74135295575 7.72182080844 12.6993422411 3.16058756457 8.77799536754
1517 15.8877380472 5.33534380482 -0.612608632637 -2.94759887721 -9.21058136784 5.94795243746 6.26298249063 5.96835317773 16.1305978088 27.4730331096 4.15164526421 9.06079937508
1530 18.4234750438 7.80587992527 2.09236112617 -6.13109702481 -7.81204683007 5.7135187991 1.68094980526 13.6427743654 18.5643289405 23.5532340161 0.684109898551 2.20535272927
1534 3.08328121078 9.33751588814 4.20181114832 -1.96957018938 -12.5465807981 5.13570473982 10.5770106087 2.5908299121 5.82054893632 11.2831930575 0.52848329455 9.55728595492
