paper/figures/group_llr_dv_tbl.ecsv
# %ECSV 0.9
# ---
# datatype:
# - {name: group_id, datatype: int32}
# - {name: dv, unit: km / s, datatype: float64}
# - {name: lnH1_no_rv, datatype: float64}
# - {name: lnH2_no_rv, datatype: float64}
# - {name: lnH1_rv, datatype: float64}
# - {name: lnH2_rv, datatype: float64}
# - {name: R_mu, datatype: float64}
# - {name: R_RV, datatype: float64}
# - {name: dv_15, unit: km / s, datatype: float64}
# - {name: dv_50, unit: km / s, datatype: float64}
# - {name: dv_85, unit: km / s, datatype: float64}
# - {name: sep_2d, unit: deg, datatype: float64}
# - {name: sep_3d, unit: pc, datatype: float64}
# - {name: chord_length, unit: pc, datatype: float64}
# - {name: d_min, unit: pc, datatype: float64}
# schema: astropy-2.0
group_id dv lnH1_no_rv lnH2_no_rv lnH1_rv lnH2_rv R_mu R_RV dv_15 dv_50 dv_85 sep_2d sep_3d chord_length d_min
324 30.0052501658 6.41571160251 -0.241565150606 -8.03826388468 -9.47330930799 6.65727675311 1.43504542331 21.9607490564 30.1363364623 38.3452966057 2.03010728078 6.42962461462 6.24121825562 176.15530707
328 28.8483441581 5.06197195817 -0.482850035767 -9.91425144172 -9.62473628308 5.54482199394 -0.289515158644 22.1026388019 29.1310660624 36.1946052842 2.84918200171 9.325026032 8.37458717415 168.426566835
344 15.297026752 4.67786956264 -0.607868779044 -6.26251813771 -13.5205932245 5.28573834169 7.25807508681 5.66208738605 18.5184995174 38.0953528231 3.19580366328 5.08747274406 2.96340594282 53.1361382818
355 27.1894903942 3.39969488599 -3.09836076973 -12.5270003311 -15.6382494363 6.49805565572 3.11124910518 21.7429194518 30.0294681854 38.3878251706 1.72353613879 6.01102081741 5.99840867447 199.413549619
372 81.6584211872 4.2299148969 -3.00025585009 -117.82502986 -13.4650989771 7.23017074699 -104.359930883 76.3756335624 81.7556605934 87.1042055808 1.72029766048 4.89568569826 3.41000377555 113.576951243
392 64.2033975082 2.46813501288 -3.41002873241 -52.6159511172 -18.8822942322 5.87816374529 -33.733656885 56.3149446873 64.1807771255 72.0960432274 4.91123520585 8.6808819002 4.06651949823 47.455627716
425 26.7107471908 3.65262990244 -3.2530837909 -12.2243644828 -13.1374032602 6.90571369334 0.913038777401 20.4830205378 26.7886657874 33.1980535761 3.7514627796 9.61854572432 6.43216631263 98.2554920178
450 32.6145839556 7.84797897332 2.10632975534 -13.6686191693 -6.90271522689 5.74164921798 -6.76590394237 26.7412154789 32.7108594688 38.7407613105 2.91832446272 9.47134944585 9.24452073451 181.518295299
458 21.3069481944 7.31443335362 1.53979190569 -8.39386717033 -7.13464109786 5.77464144793 -1.25922607246 16.5266202218 21.3940392588 26.2981566262 2.47932644642 7.54214620064 7.43972147629 171.941012981
465 5.8453069397 4.32696729802 -1.84694769175 -3.48542441529 -12.0747446438 6.17391498977 8.58932022851 2.31421234415 6.06541549058 11.2031654491 3.45873922621 6.03137610815 4.43018520668 73.3994219732
468 1.12363229746 4.37021192392 -2.78239535931 -3.30024481548 -11.5699328393 7.15260728323 8.26968802381 2.81780808327 7.54085738468 15.7455733118 0.00355652070699 0.342189775866 0.00512438497111 82.5541746221
473 37.1545874834 6.95470473161 1.43595473048 -24.6012276982 -10.8990721305 5.51875000112 -13.7021555677 31.579158885 37.2220281265 42.8176260914 3.29309868537 7.45065466808 6.9796086843 121.453138021
483 62.9989550037 7.29873969786 1.41284811427 -83.1611134184 -10.4696224037 5.88589158359 -72.6914910147 58.1013690087 62.9733543962 67.9005780782 0.975137257332 2.48128255476 2.38113304501 139.909043061
568 9.54491561963 6.79707027437 0.978516371355 -2.33825339673 -8.72953115939 5.81855390301 6.39127776266 4.71085503895 9.66570725966 14.9053659436 1.65013005684 6.05179430113 3.36130744753 116.715276904
575 23.0737047653 5.49335877712 -0.213185360309 -10.9597924766 -10.560339696 5.70654413743 -0.399452780581 16.8114478098 23.0686468052 29.5242133351 3.68650151353 6.91932783618 6.11975808935 95.1299758336
590 21.1515424727 4.94087356468 -0.876517069134 -11.6213102716 -12.3853673326 5.81739063381 0.764057061042 16.9171544609 21.7759547644 26.7134754433 3.37610287492 9.49634500108 9.48979891745 161.074503535
605 27.3142673438 6.58791679339 0.905785231201 -5.08521654447 -7.72768444739 5.68213156219 2.64246790291 18.0150759584 27.3573238523 36.7096857111 0.854960592672 7.64334243182 1.35262461602 90.6479216043
613 1.38882575477 6.87901185617 0.4086149077 -0.0757391969388 -8.65692692636 6.47039694847 8.58118772942 2.26586481984 4.34164030935 7.19312396389 0.243544919821 1.67573646376 0.688492611271 161.973202227
623 29.5694269951 4.82389284081 -1.19119716809 -8.03005583 -10.1258603395 6.0150900089 2.09580450954 20.99835977 29.5938803631 38.2632945851 5.11270881203 8.94505518497 7.95926250237 89.2253993113
645 23.15188762 6.21029437429 0.504864278733 -9.58821962293 -9.00290624068 5.70543009556 -0.585313382253 17.6519767282 23.234771762 28.7510928735 2.22846713382 6.59040636765 4.5236987588 116.315462074
724 7.23181929309 5.09648226744 -1.53104618464 -5.47604891032 -16.2329142166 6.62752845208 10.7568653063 5.00568576713 8.52153713043 12.181673849 0.00898271881917 5.4017233194 0.0261402491804 166.734146437
729 34.3265680145 6.42417118751 0.474477869915 -23.8551500427 -9.68597607515 5.94969331759 -14.1691739676 29.1848068828 34.3058194338 39.4623018243 3.32176969342 7.14758640861 5.97313734557 103.042512477
733 39.0523236029 6.22985371577 1.12299177809 -17.4182256907 -11.1403496858 5.10686193768 -6.27787600487 28.7374261427 39.0493253629 49.5371511224 4.46098726705 7.50355229095 6.08543401749 78.1795034846
746 49.5198230018 2.13785901332 -4.30458468641 -8.67681866621 -13.7683737798 6.44244369973 5.09155511356 28.4581064942 49.5653858891 70.6077236808 3.58235573653 6.84853175406 3.52581643605 56.4006829132
747 7.84624726431 8.90914410933 3.71533746977 -4.42199026278 -13.0041818522 5.19380663956 8.58219158942 4.51828774537 8.23919634418 12.5361006458 2.2982155351 5.84028114613 5.83742392983 145.539951353
762 37.7662996699 7.15392014927 1.63874699226 -15.4307235821 -9.81490263835 5.51517315701 -5.61582094378 30.3404463787 37.8583795395 45.3321888416 1.52987956566 5.82344530221 3.58274024309 134.181799584
784 31.0077748794 3.23777837536 -4.02930407588 -17.33090927 -14.2958907877 7.26708245124 -3.03501848235 25.1466935027 31.3446718243 37.5634315124 2.91092041103 8.51348240358 8.14139769391 160.264738634
798 10.7582211407 8.69016988434 3.31818249369 -1.76752491583 -8.85692007595 5.37198739066 7.08939516011 4.40219471127 10.8311806667 17.8046973847 0.897983815162 6.61758165736 2.21740974513 141.483084693
821 25.374110614 6.24419084901 1.12659226152 -13.9447138585 -9.10929286879 5.11759858749 -4.83542098973 20.5813330411 25.442277434 30.2802876197 3.76310826246 9.94031583394 9.4210205558 143.466972052
834 28.580256066 6.13652752431 0.867604164535 -9.98124287606 -9.4423443249 5.26892335977 -0.538898551164 20.1890921852 28.6255799779 36.9959427536 4.11225577278 9.01323907335 5.24840148771 73.1413181446
835 29.23623395 6.30896075861 0.933844712621 -18.9457752664 -8.79981187459 5.37511604599 -10.1459633918 24.5419020147 29.2420868959 33.9845951582 3.60472622564 9.15789144509 6.24554396352 99.2869671109
864 17.3649616791 4.0068653843 -2.75182007439 -6.4255626114 -11.8140291956 6.75868545869 5.38846658418 10.9958546445 17.5815837022 24.3173424278 0.461785465402 8.46586658391 0.867005561734 107.573532898
882 24.9190662581 6.54823003906 0.898748774744 -9.07398358759 -9.21020347127 5.64948126431 0.136219883683 19.2180516038 25.3300866833 31.4561988948 2.11315321653 6.02837368526 5.24473250444 142.213099811
884 6.36687813273 7.31505242859 1.83164779292 0.0693915505339 -6.09541578108 5.48340463567 6.16480733161 2.21708580679 6.76690955769 13.1272922084 0.00516525656017 0.683473341217 0.00865061471162 95.9572303067
896 21.8459232241 4.75671264454 -1.32063827041 -9.32268954408 -13.869483127 6.07735091495 4.54679358296 15.475082847 22.1185348509 28.8739191792 2.20780010046 6.74857682735 5.30503751242 137.682331568
902 11.9014185038 6.75620478909 2.34685947015 -3.42341506958 -9.67790687174 4.40934531894 6.25449180216 7.0061883569 11.8687146734 16.7835072724 3.5035845943 9.32573943403 6.18319053626 101.132401309
905 32.3016587219 3.18656221391 -3.33999525384 -27.5444688601 -12.7305061399 6.52655746775 -14.8139627202 27.7209711863 32.4062484733 37.1048595198 3.91238631734 7.22368790853 7.21768225443 105.721432214
927 63.0037237616 8.29152183811 2.82003219632 -51.5416001498 -12.5173259832 5.47148964178 -39.0242741666 56.4323996881 63.1081678907 69.764190359 2.26616422064 7.18014445149 7.15267115993 180.853876279
942 17.3720749579 3.18906633937 -3.70255700129 -5.87147092907 -12.8635533251 6.89162334066 6.992082396 8.87833174923 17.997766672 28.682172059 2.59642898826 6.59527375272 6.50495084317 143.557988097
957 7.41333182807 5.41242371281 -0.516409735114 -2.66594709516 -10.7918206608 5.92883344792 8.12587356561 2.8029220597 8.03815288575 15.4174612798 2.83720597408 4.58660539169 4.4445643153 89.7646485371
974 14.2461380349 8.34560922413 2.62307478988 -1.51010197575 -7.85409761803 5.72253443424 6.34399564228 6.33797421031 14.3385623842 24.2084141682 2.51090943633 8.73413017504 8.40114635522 191.718881888
980 32.0115590822 3.22785276311 -3.26664289692 -18.2107301025 -13.1818473177 6.49449566003 -5.02888278481 25.822681629 32.0461010168 38.3069977757 4.6111058235 6.79669731744 6.17602298946 76.7615359676
997 11.7669592685 8.8068868744 3.54255667856 -2.13350569174 -6.28545491821 5.26433019585 4.15194922647 7.48465044138 11.8113701725 16.16012225 2.34192111241 9.74386093613 5.59118927533 136.799590659
1014 46.8014990821 3.70391338065 -1.7715652366 -42.4731950136 -11.1859051021 5.47547861725 -31.2872899115 41.892693932 47.0404268807 52.2709257593 1.98409066589 6.31036074411 5.38817982776 155.605484392
1017 44.3309557774 9.16925569373 4.06695262541 -18.3314139857 -6.90694924008 5.10230306833 -11.4244647457 36.7268595414 44.2985121294 51.9055179523 0.968762439746 4.46531694437 2.68633125836 158.880310169
1024 12.1319484762 7.20477645305 1.8104598239 -2.4447005057 -6.88491349356 5.39431662916 4.44021298786 7.73211982861 12.1858343522 16.780412757 3.33571673382 8.83428012141 8.16620969781 140.286323273
1025 59.6505848946 5.96917018799 -0.243880391969 -17.4877900106 -11.2427025012 6.21305057996 -6.24508750939 48.4682328066 59.6679411617 70.9314328318 3.72018642983 8.13896645775 7.9871397456 123.034101518
1063 4.09643497126 7.06462559379 0.774754563612 -0.927558551085 -8.53802207099 6.28987103018 7.6104635199 2.78155460532 7.79015641171 16.3440903406 0.768303747839 2.18125450245 2.00167439698 149.274755584
1093 12.5075256967 5.55833122645 0.194069090198 -3.3407948326 -8.54341573753 5.36426213625 5.20262090493 5.02027079671 13.8254459781 27.2607151419 5.63338324911 9.00276144847 8.97055392777 91.2740960755
1095 17.31625714 9.23601925812 4.00050859682 -4.06785889805 -10.4329962489 5.23551066131 6.3651373508 9.73787787493 17.4930014491 25.2630089921 1.17940895508 4.10653921484 4.10005034237 199.184283728
1114 39.9701741306 1.72699337154 -4.99551681641 -15.3677709407 -15.530049146 6.72251018795 0.162278205357 27.1152010487 39.9995915985 53.2319815874 5.44994528432 8.6915365281 7.30213956416 76.7970178121
1120 0.702050824466 6.48899673795 0.687354482381 -0.638479869361 -7.55156328403 5.80164225557 6.91308341467 2.4371618967 6.64968147302 13.9050551171 2.14431181293 5.08137527534 4.08384863093 109.126361892
1139 3.79914124734 6.12596818641 0.405129432477 -5.21544212571 -13.5566531998 5.72083875393 8.34121107413 3.33277705635 6.16578267248 11.9400504583 2.33456935851 8.08332782051 3.18516022736 78.1766720499
1178 20.5039175444 3.36154436527 -2.53516702271 -16.0734791541 -16.3665823125 5.89671138798 0.29310315837 16.980111729 21.4632282168 25.9555916237 2.72862693796 4.74738823661 4.70375040682 98.7788078892
1203 16.7576839394 7.82112065235 1.97292105264 -5.5091766603 -6.39016863373 5.84819959971 0.880991973428 12.3716541723 16.7606865374 21.2165504128 0.851054904544 6.68664364248 2.22025454032 149.476118861
1219 12.3603321598 7.16486765606 1.40116444508 -3.12154174196 -8.39566474739 5.76370321098 5.27412300543 7.51798139403 12.6262521358 17.8745733017 1.82651590676 5.35397784586 4.86732279883 152.688986692
1221 51.4142344561 7.52264478422 1.68676880916 -21.0703823816 -7.96692695853 5.83587597506 -13.1034554231 43.4763330931 51.5231199356 59.4776098206 1.97263230923 8.21200779535 5.79568502547 168.345966499
1224 38.0985157417 8.2171602838 2.85107159385 -13.5337470076 -7.09308654858 5.36608868996 -6.44066045899 30.9512052484 38.1785500228 45.397295454 2.38273319188 8.88757707192 5.42049794733 130.351999638
1229 7.62250833324 3.76601147596 -3.26987267522 -4.46445687062 -12.6854166703 7.03588415118 8.22095979965 3.86335187158 8.80428179025 17.137242536 4.00480751275 9.78270714786 6.58383763515 94.2124958364
1240 8.24596185023 10.184116986 4.83612009429 -0.597932598945 -9.42365738111 5.34799689168 8.82572478217 3.07869519823 8.78571806189 17.1193361798 1.16620659132 9.84754497641 3.87760379067 190.51012802
1243 77.5430365567 3.99246722098 -0.851299839786 -100.430040002 -12.4664639404 4.84376706077 -87.963576062 71.8648728732 77.5750458884 83.2213457483 6.59993130957 6.9823789786 5.06275194164 43.9754204372
1253 6.12801431166 1.80672293538 -4.14871102945 -6.10903193816 -13.1890312106 5.95543396483 7.07999927243 6.32803739529 12.0612173536 22.5919418506 4.34213424928 9.04310537767 7.34644242481 96.9617395419
1254 14.830395634 2.29104907331 -4.71671562061 -10.054722249 -13.6548665353 7.00776469392 3.60014428633 11.3645846961 15.5737308703 19.7759735256 0.823129539373 1.12660264486 1.10259234786 76.7490757039
1256 13.4141757346 0.0102870155619 -6.62692176866 -16.0281059876 -18.6962688305 6.63720878422 2.6681628429 10.8122946956 16.4723557782 28.6921558253 10.4393257695 8.57826113568 6.98798346025 38.4063413489
1275 44.1518122084 5.69389549634 -0.161426675828 -30.9767767009 -13.4737744763 5.85532217217 -17.5030022247 37.7625315096 44.342233282 50.9909666446 2.67054599745 8.96273024152 8.9617056627 192.288166601
1305 27.6167523414 6.50784015905 0.988223218957 -6.82439076764 -8.15815176187 5.51961694009 1.33376099423 19.4069344922 27.6035412452 35.8799404699 2.78297824553 5.28741412648 4.36949236886 89.9676753621
1336 5.30130751643 7.49893322325 1.65895185238 -0.590532027798 -8.60214160211 5.83998137087 8.01160957431 2.90864613933 5.91366592677 10.1769705466 0.262980894073 4.30740371505 0.689127706183 150.140731356
1358 56.06324981 3.61823303753 -2.47604782933 -9.76712730432 -16.2442058382 6.09428086686 6.47707853391 36.4943550366 56.0606220761 75.6792748412 4.51173756205 6.23679912879 6.23380297295 79.185212413
1370 14.9119251594 8.3555995951 3.16629890319 -10.0470471531 -13.9940548427 5.18930069191 3.94700768965 8.05617927727 15.0070819385 22.8741442823 3.35546442211 8.97805221388 7.52155223402 128.451604873
1373 47.7080854536 6.43999971391 1.50136819798 -10.7397869788 -8.2519498441 4.93863151594 -2.48783713471 36.803363816 47.8189002258 58.6789119591 5.41818153631 9.88771295583 9.75439650161 103.18850455
1391 20.8620299817 7.63013506409 2.12095525807 -6.80822636229 -6.50856205416 5.50917980602 -0.299664308128 15.7295883779 20.9343937914 26.1480500293 1.14690160469 7.64611718402 2.78409486434 139.087388195
1397 17.3118937376 7.00177802421 1.66036743844 -4.81591696575 -9.47204903462 5.34141058576 4.65613206888 10.630632835 17.40116122 24.2471361555 1.5914395138 3.59989450806 3.48945663331 125.633153653
1405 10.7094386782 8.96652919881 3.4875525971 -0.399189684391 -6.12797969829 5.47897660171 5.7287900139 5.18338046245 10.7572019973 16.3820950829 2.92458630143 9.82925045127 9.53044090366 186.731820802
1426 46.1743354414 7.12075885055 1.54389833864 -23.1765163797 -10.6008832773 5.57686051191 -12.5756331024 39.0333102441 46.203003958 53.3293783342 0.00862611099332 8.48594353702 0.0217730450523 144.619468819
1434 14.1600482782 7.20921345504 1.20927398426 -5.36709778479 -9.36445851144 5.99993947079 3.99736072664 9.6734592345 14.2754284589 18.9911545327 2.2264506202 9.52692535925 5.55159718462 142.87453723
1443 8.0565763556 6.47680335469 0.331147602822 -2.75584807007 -11.5831693829 6.14565575186 8.82732131287 4.4319924276 8.57705829227 13.1948108116 2.89869934725 8.80894261314 8.4162017302 166.372642152
1445 1.20610317484 6.32688147315 -0.480052964665 -0.622463092129 -9.73887958568 6.80693443781 9.11641649355 2.1122249522 4.37162459014 7.60490143848 2.41619796257 6.84518470581 6.83010738408 161.975687286
1453 8.76232408672 6.2144263816 0.782872325196 -2.21214730782 -7.82302012652 5.43155405641 5.6108728187 3.95209388896 8.80167995513 13.7582998643 0.0574221306367 0.90875499362 0.0678608548968 67.7115373348
