paper/figures/group_prob_dv_rave.ecsv
# %ECSV 0.9
# ---
# datatype:
# - {name: group_id, datatype: int32}
# - {name: prob, datatype: float64}
# - {name: dv, unit: km / s, datatype: float64}
# - {name: dv_15, unit: km / s, datatype: float64}
# - {name: dv_50, unit: km / s, datatype: float64}
# - {name: dv_85, unit: km / s, datatype: float64}
# - {name: sep_2d, unit: deg, datatype: float64}
# - {name: sep_3d, unit: pc, datatype: float64}
# - {name: chord_length, unit: pc, datatype: float64}
# - {name: d_min, unit: pc, datatype: float64}
# schema: astropy-2.0
group_id prob dv dv_15 dv_50 dv_85 sep_2d sep_3d chord_length d_min
329 0.140767694618 10.1728287479 8.81390639636 11.4198836067 14.2327498725 2.16632935087 9.51663175267 6.56477484854 173.637631573
336 0.999001707588 1.4187569088 1.03089733068 2.0616721941 3.44239270235 0.0109001868233 3.06743579581 0.0117342665368 61.6800390811
342 3.23548907207e-18 20.8313496263 19.3148890896 20.9262783167 22.5380834444 3.49107777653 9.26135811089 9.17808534736 150.654595254
347 0.000159079829357 11.4732236029 10.8543241991 13.035262006 16.0535732942 2.07597047951 5.81719418122 4.19124416622 115.682636219
361 0.98044664385 3.82896766516 2.86984525523 4.57712731258 7.20489014408 2.93911189269 9.30091588095 9.06627163385 176.759537661
368 0.111170135038 6.28179967018 4.20334684645 11.0224643584 22.9700899947 0.00648767536307 9.3054435453 0.0179346583364 158.38958837
404 9.65921329001e-31 25.9632305473 24.5298905311 26.335916878 28.1404110866 1.2368893745 9.16594058089 5.5450418483 256.865060869
431 0.99892649111 2.26735348246 1.5641176528 2.64853336212 3.96924944057 0.00420690276667 0.979061166371 0.00476702589286 64.9243587742
444 0.993075839979 3.75091177385 2.72371248534 4.38453543164 6.13130224323 0.0217241820462 8.72254089078 0.0732866931243 193.287748497
445 2.23525237524e-29 27.3248770256 24.9825023382 27.4452027594 29.9183404855 2.14747327364 8.74869642142 4.49109703661 119.831976985
454 1.48442165005e-213 58.8363258952 57.3906427947 58.9464995406 60.5168687296 3.12014819347 8.92582724682 8.45859502726 155.345725699
466 3.41830798452e-229 63.403140415 61.172709772 63.6569689842 66.3708591271 0.846299807188 3.51770338999 3.03425876882 205.425784501
471 0.984693140401 5.2651853597 2.57601570656 5.62610336159 9.52046225306 0.0271709985129 0.101460486801 0.0674707195437 142.276240049
500 0.000174409304716 21.6627435353 17.2525227534 21.7174683827 26.1790361699 3.08149041061 7.194539675 6.90640132288 128.429847269
518 0.00235861673889 23.8700388232 18.6295301312 24.3532436468 30.0826093407 1.42240613706 4.37942021758 4.37683350744 176.307259231
551 0.971370370078 5.91326809111 2.46628250501 6.4887401703 12.7152968413 0.712700921875 3.08987295471 3.03565637069 244.045453133
559 0.992594610416 1.68416199903 2.29757309589 3.93916936903 6.54895664474 0.00247998892197 1.50071279366 0.00716074924808 165.436509197
567 0.728969578339 8.31548583353 5.6521193548 8.67416979965 11.7645372619 0.00519211480697 5.53055195089 0.0186878105251 206.22284206
578 7.59978984707e-31 23.480742835 22.6997694299 24.2437716444 26.0982390696 1.23276872737 5.35921583931 4.20965017982 195.65700818
597 2.20585856371e-204 57.3014866414 56.0533080486 57.3060277496 58.5790262356 5.71196281123 7.15475059047 6.9239346878 69.4816436885
634 2.62289286238e-06 14.5364607914 12.6689611383 14.6406308802 16.6120681222 2.33921271164 8.65616841501 6.21590198213 152.260495058
649 0.00531676064119 19.8473714022 15.8551665065 21.0654051244 26.3895154116 0.0767799383759 4.25218449979 0.267157899206 199.36224953
707 1.37197090163e-29 26.2903022686 24.9551643552 27.1555151335 29.6087111007 1.96334132597 7.07492117687 6.78975400756 198.153666543
740 0.184918647942 14.4638681179 9.9468953144 14.4734745996 18.9972424532 0.0160173496554 0.638752961676 0.0191330103508 68.4408325744
743 0.969798048286 2.95049607454 3.028485835 5.60302743641 8.98086462309 0.00180523623182 2.45424152713 0.0061119840606 193.986185833
745 1.41172135392e-33 27.7329943963 25.6935179219 27.8581907626 30.0501881408 1.64612048621 6.70141094853 6.69694700808 233.105656266
762 0.985076748639 5.03204574609 1.88314789133 5.1873173111 9.54421818235 3.5587841764 6.09488678766 6.03899502425 97.2423549432
779 0.0 87.0556206357 85.0057868748 87.1203501203 89.2391018177 2.66301076644 9.70043744434 8.4447607818 181.708880699
795 0.981944489637 2.39995337293 2.61000652183 5.07962456907 8.60573724225 0.026962315389 1.32526210131 0.102222271954 217.225587816
813 0.997954852089 0.310953389255 1.48727751193 2.75294259898 4.48430784969 0.0080309083462 1.37081691897 0.0244086609134 174.141354223
842 0.0349510435551 8.8159706315 7.89264961348 9.26097011123 10.6919848136 4.54061344223 8.45432317228 8.38282692069 105.806476973
909 0.991885227146 2.70115504938 2.18322603006 3.95100516177 6.06561516484 0.0082651221665 9.28054968935 0.036732951089 254.641495417
953 0.999155993252 1.49538367892 1.17479208953 2.35443957933 4.11190569151 4.63250512636 9.19575678048 6.526598545 80.7443091826
969 1.09923891358e-205 60.4540486932 58.4061379975 61.0547931268 64.2404330222 0.755417079854 9.11656581442 2.88860298666 219.09215848
972 6.98379867436e-51 34.4195873148 31.9208369032 34.4529810874 36.9569405134 3.07950646186 7.86454870077 6.88325073296 128.081786972
997 0.339819325674 7.24357719162 4.26944093068 9.13756789232 18.2544445576 0.533157702298 9.95296978028 4.08959399876 439.489705269
1002 0.998211105174 2.18607326934 1.79643159245 2.94298973913 4.29750716818 1.4585564699 6.54048397392 4.57074037916 179.555066816
1029 0.991697059914 3.95281692037 2.67422482516 4.13901884159 5.62533480994 0.0123138478037 3.0858581705 0.0231649067181 107.78526838
1045 2.14428418563e-05 13.7254395316 11.6940905377 14.0241463648 16.3987815458 0.622226502756 7.73632633394 1.45170878608 133.676715622
1050 2.3686362564e-90 39.5921642947 38.2626817571 39.7273742158 41.2349046353 1.71437261609 7.82760586096 5.95917588222 199.168116328
1086 7.78577834644e-14 20.2119796988 18.4110349833 20.6243451516 22.8939565273 3.26174281098 9.44564516814 9.42883633781 165.649321791
1104 6.50051737975e-116 44.4626774482 43.191815822 44.821254093 46.5620521428 2.70640163336 9.36577360096 9.04380375461 191.47932643
1123 0.997908416717 2.11576930111 1.52009019494 2.57870870227 3.70494818551 0.0176231600983 0.64146703904 0.0166029830468 53.9790170636
1160 0.000297913455692 18.1319587553 14.4893880892 18.1605526298 21.8410102968 5.97454957374 9.88568417132 9.58843576369 91.9945299948
1166 0.997616554705 1.60513465777 1.4111982519 2.76600156713 4.97357337491 0.0150182318318 5.28799912458 0.0468982430407 178.920623319
1171 0.102572044918 8.21236053388 7.03858782491 8.31731248613 9.61291689887 3.38571369926 8.63298863656 6.66145169558 112.746864663
1174 0.99783910875 1.24468967288 1.26804549816 2.25239336146 3.51379177371 0.00647143971985 3.31226327023 0.0231160766658 204.661356652
1199 1.9802109199e-94 39.4579735789 38.3741929484 39.595258702 40.8231028409 1.41839603124 6.20038395454 3.47466704908 140.361955664
1204 1.6758769499e-263 65.4958894558 63.9950717228 65.5841878015 67.1730274986 1.95818938699 6.17575807521 5.54055606878 162.122178552
1221 0.0 144.197978682 142.354772845 144.221210249 146.086205723 5.27027715296 9.45049223758 9.42967776444 102.550822442
1231 1.46778825844e-220 61.7519664217 60.2239184787 62.6644158598 65.6953007589 0.317383046541 6.6701043588 1.4211103545 256.547192817
1249 0.98322100235 1.74403379966 2.72732338264 5.3534889338 9.18087008966 3.42231842399 9.73497536534 8.50809599818 142.462040748
1253 0.927322450957 3.52330249997 3.30870163645 6.95992444822 13.4097615648 1.71831757527 4.14581429356 3.28449107815 109.522553914
1259 5.44761677547e-132 47.0749840676 45.3897971411 47.4768357055 50.5429953435 2.2618138805 9.83884466739 5.50302795216 139.410564616
1285 1.10476481801e-09 17.128155039 15.1319069228 17.7184008235 20.3571347715 0.00289093970885 5.65887555095 0.0088589354932 175.575994629
1312 0.265219830147 8.67166608209 8.00189732159 11.9255339835 17.4801506744 2.15282275488 8.90680898758 7.52519158236 200.289169529
1325 0.00278975255997 15.8103087662 13.0880616034 16.1024750989 19.1551379024 2.47095132089 6.63954110581 6.57292493023 152.423093292
1345 0.0537557433882 20.1044338651 14.193305689 20.287792981 26.3199757936 1.72478577072 5.70543702965 3.21032005654 106.647873975
1346 0.90403523695 5.17886578088 4.32012597129 6.05968145463 8.97396308009 2.34356362953 7.15689187556 5.61460918037 137.276339348
1349 6.32680751036e-72 37.657871341 35.7269900594 38.0980646161 40.8082624663 1.05470254426 4.57491893966 4.46310696075 242.45774722
1401 0.996234508899 3.37745563977 2.09606920802 3.96864454578 6.10016038116 1.38715069185 6.49947490752 4.18304560158 172.783471443
1424 0.0488945269298 9.5981549559 8.038130423 9.84788224031 11.6689139446 0.0290897931236 7.51280574331 0.0533359373833 105.051422273
1454 0.99185926162 2.53501207798 2.10848175031 3.89077557406 7.00707254346 0.00518216155149 3.3191839109 0.0198168033749 219.101466816
1466 0.900634862579 7.5022225656 3.28811935254 8.16088328681 17.319921146 1.42157598031 8.3614384756 8.22081770853 331.343696783
1472 0.999404069656 1.39965733616 0.961639233142 1.88737656955 3.29140288756 4.33181824555 7.73938973027 7.62815551576 100.919568458
1496 1.33225906388e-07 16.7153266238 15.0105357393 17.9312908362 21.338385942 1.1971749902 8.17893475246 6.34693886156 303.764635828
1514 9.40036785747e-09 15.2709716493 13.7727295487 16.2983384256 20.2433255583 1.60245780415 9.23211576313 6.69628734721 239.433142887
1572 1.32926002623e-06 13.5468664349 11.9319658459 13.9681599277 16.0207396416 3.38443845103 9.93289910706 9.4497896434 160.000483219
1574 1.81333704891e-175 54.5950077397 53.0753663281 54.8080411157 56.5734333076 2.29482596707 9.42097993578 7.30819362133 182.478604448
1585 0.806235611458 11.7586967751 7.73487456606 12.2499442102 16.8484641852 0.0116339789535 0.0936193671834 0.0296714126712 146.127711591
1595 0.993271348335 3.97660271105 2.8211138524 4.06215292628 5.32978967274 0.00907117416509 0.72593746294 0.0169596657352 107.121443367
1597 2.25018115126e-130 47.0734496029 45.5540618477 47.094047673 48.6580432373 1.31337299327 8.21767227085 2.38003120298 103.830921862
1604 0.00187651938048 10.3486686082 9.12522992331 11.3665111089 14.5702078986 1.91666714658 6.81436787693 5.26474999467 157.38884073
1609 1.62979095135e-36 37.0697768618 33.5483696028 37.5314025854 41.5302593646 1.19017304336 9.00162220164 5.43045096939 261.430484586
1622 0.99050170428 3.10647706145 2.27197970009 4.427924462 7.01599742303 0.23253134048 1.88005037166 0.230919176387 56.8985809327
1659 2.04329023174e-98 41.5567434104 39.6394124891 41.5797367518 43.5106629578 2.32324039802 9.01943393176 4.984450682 122.934997638
1662 0.991971151647 0.592068571959 2.16578753961 4.64622857575 8.85826602119 0.0333533272868 3.85887806829 0.0790983329798 135.878518844
1666 1.02764332083e-05 21.1003350328 17.6819088436 21.4508201857 25.1628286523 2.01356936089 9.83808722361 8.9319803975 254.171088512
1700 1.52736902942e-184 57.2146703917 55.3643989697 57.6127256712 59.8891338177 2.3465236083 8.79685434634 8.77802658121 214.350720567
1707 0.99883940953 0.564860722841 1.27292812821 2.36555399334 3.89310818227 0.00560914624167 0.393078440778 0.0193495298861 197.649758218
1737 0.0 101.758692662 99.9541591513 101.777145286 103.577932533 3.38108022789 8.43510042115 6.06166834897 102.735926922
1738 2.08626987198e-34 45.8774540477 37.4283165879 45.8871944773 54.4016606605 2.90201247734 6.92257449967 6.18925696554 122.210436253
1780 0.996854890719 3.17045304642 2.18144579184 3.4752854924 4.92669406674 0.0324219632888 3.57699600899 0.0602108457082 106.404024805
1786 7.68186648327e-34 24.945371011 23.7166678289 25.0262418072 26.309820323 2.03951229209 7.40671374524 6.68048641922 187.68402981
1817 0.97661055745 1.43652148485 2.93538905612 5.61200837014 9.32406956023 0.0111007963152 3.47303978053 0.0456266227669 235.497783027
1878 0.985194932242 2.71331954139 2.4664589113 5.0443753202 8.33042049996 0.00213807184945 9.77680382781 0.00747068696161 200.198526115
1899 0.998886055723 1.89547170238 1.53666239251 2.62535496984 3.89035016672 0.50415008888 2.03736616461 1.12259934514 127.581871899
1915 0.999606330803 1.28724077653 1.08873437327 1.87108163108 2.87280155239 0.0116742691883 1.49204117374 0.0149815989663 73.527719703
1928 1.76393377702e-09 23.5956564859 20.3428373843 26.3783394074 35.4631853941 0.485770668496 8.3584146904 3.36562432772 396.970544886
1940 2.79489619425e-15 25.2044054441 21.7219749726 25.5622847832 29.4100573503 1.83049840575 6.96410223427 6.2323698091 195.085487247
1948 0.0 78.5590497398 76.0553328806 78.587414224 81.1285720682 0.257929260272 5.34800282431 0.839096489442 186.395013866
1958 0.50934079723 6.48329419103 5.47157874197 6.96776109062 8.81989552706 3.55765353068 6.97163478092 6.85928557923 110.486097981
2032 6.73250872531e-40 34.8138256487 30.0784505128 34.853714429 39.6089371627 0.00997244111606 6.77114443833 0.0449103525608 258.028463791
2095 0.996354144365 2.27784379768 1.33940203853 2.9963423745 5.82851292214 0.0134905509898 0.210731490348 0.025461262688 108.136643015
2119 0.000675971629972 11.8652048734 10.1732552599 12.3146751374 15.0736543772 1.26087526851 8.52379835253 3.16115971466 143.650025768
2138 2.04689088501e-44 30.5216087667 28.5842912387 30.7912784323 32.9990203126 1.63754661238 5.48829234841 5.31303724467 185.903087786
2158 0.355625105258 8.44998839967 6.84752726233 8.65174640543 10.4819551512 4.30783107344 9.59907256606 8.31179020525 110.575990487
2173 0.945673066983 4.28220153998 3.73119296833 6.18292001389 9.57280841523 0.0066731584617 5.14111963233 0.0290954364931 249.813596463
2194 0.000264433221124 10.656985123 10.0545045124 11.839244898 14.1355831439 4.61800180582 8.77601718434 8.74248943512 108.497869456
2221 0.204858654577 7.68937246597 7.52471007187 11.0517723561 16.8161811062 0.00679281344524 2.31541882065 0.0209263392782 176.508737015
2253 0.999347206543 1.16861976925 0.970743121498 1.84381556228 3.04847396673 0.00276825076004 2.10865383932 0.00445599835136 92.2278800608
2280 0.15525169858 7.2990160048 6.79300706634 8.69617167264 11.4263368233 0.00474172049392 5.75952997438 0.0139408939321 168.452439616
2310 1.32179092874e-87 38.9314708134 37.5517602089 39.2820600793 41.2088215844 1.40669004541 6.31858717755 6.15568132983 250.732860165
2329 0.90951043659 6.9253220625 4.02448652259 7.70467336922 13.896074042 1.25792057032 5.69762763738 5.5469333354 252.656852871
2358 6.16053760454e-26 26.6119763796 23.9185141564 26.6714551683 29.378038868 1.51547798385 5.32731355984 4.65387271826 175.954412398
2373 0.990437186675 2.2787943046 2.03956208934 3.81822103505 6.2310652184 0.00204384716411 3.17136247479 0.00455610377121 127.722621198
2375 0.995312832619 2.1337355582 1.71360612281 3.38473818812 6.0921389583 0.0145381545741 2.33595653136 0.0445074207632 175.406538746
2394 8.58746174007e-15 20.2760510217 18.0118199719 20.3550511124 22.6989018326 3.23149943728 8.39021082337 7.77090452715 137.799513593
2433 2.11693507565e-76 37.0396658819 35.4482917933 37.3166823594 39.2997395402 1.96980058727 7.42883131518 7.31664487433 212.830435874
2472 3.74423184746e-23 21.2004589824 20.9204974019 22.9272084778 27.1715687994 2.1333717584 9.46899321896 8.99809302548 241.674961203
2575 0.0 114.248447419 108.483486573 114.350368822 120.30154447 4.06567089181 9.14990301406 8.14801810045 114.850665592
2577 0.998989052047 1.8622583658 1.10754829779 2.27756775377 3.99562800291 0.00606802023181 0.716886630671 0.00695147345537 65.6375679975
2599 4.20387410155e-116 53.826759942 49.5612846037 54.0122647562 58.5200854656 2.85280927344 8.64081068579 7.61450572572 152.945419426
2600 0.996972719411 2.04207802019 1.65221954797 3.16808848401 4.97991480624 0.0138524614482 1.03505360886 0.0247792680099 102.490628482
2606 6.00329346187e-06 11.9301666333 10.912205836 12.492422093 14.1582071049 1.20334797822 4.35625735986 3.6040866585 171.6068449
2609 0.983640666999 5.14701785043 2.61202223749 5.56942400272 9.37582198927 1.89550545747 7.50205678181 6.14044991085 185.616932659
2659 6.17447203691e-20 20.6163298237 19.1154792445 20.701680641 22.3161526877 2.54647157181 5.0248090313 4.51747243273 101.651795953
2677 2.48527469953e-08 14.7685250905 13.6334571776 15.0500236383 16.507435101 0.502359151965 4.63843147708 1.28888568645 147.002291812
2724 0.996184497158 2.6164825364 1.82159254458 3.59579927777 6.12836320488 0.0254559303936 4.84903421775 0.0566817415121 127.57831046
