paper/figures/group_llr_dv_tbl.ecsv
# %ECSV 0.9
# ---
# datatype:
# - {name: group_id, datatype: int32}
# - {name: dv, unit: km / s, datatype: float64}
# - {name: lnH1_no_rv, datatype: float64}
# - {name: lnH2_no_rv, datatype: float64}
# - {name: lnH1_rv, datatype: float64}
# - {name: lnH2_rv, datatype: float64}
# - {name: R_mu, datatype: float64}
# - {name: R_RV, datatype: float64}
# - {name: dv_15, unit: km / s, datatype: float64}
# - {name: dv_50, unit: km / s, datatype: float64}
# - {name: dv_85, unit: km / s, datatype: float64}
# - {name: sep_2d, unit: deg, datatype: float64}
# - {name: sep_3d, unit: pc, datatype: float64}
# schema: astropy-2.0
group_id dv lnH1_no_rv lnH2_no_rv lnH1_rv lnH2_rv R_mu R_RV dv_15 dv_50 dv_85 sep_2d sep_3d
[from data line 92]
1578 5.05174514135 6.56796813961 0.213922403583 -1.61816075969 -9.78462243179 6.35404573603 8.1664616721 3.83175282035 7.5650209978 12.2188186508 1.21519326405 8.18837768365
1585 21.2694026389 6.37036519543 0.843301650447 -10.2615639746 -10.706164315 5.52706354498 0.4446003404 15.9397476081 21.315501739 26.7042158786 0.757629023049 3.37686904948
1609 9.34804164327 6.49879967133 0.782382321199 -1.77212752707 -7.60893406229 5.71641735013 5.83680653522 4.83782469297 9.70126859877 15.3814536026 2.09493984288 9.68584053479
1613 37.1526698207 1.74015056651 -3.05562088541 -74.2940543606 -16.3966120031 4.79577145192 -57.8974423575 33.1379168741 37.1895348324 41.2921605427 8.91934363197 8.72687932476
1614 7.88797343319 4.18521201305 -1.85927320871 -7.04250376231 -12.6754744307 6.04448522176 5.63297066839 5.15076487798 8.37210147141 12.8366635983 3.31952639917 7.731942399
1615 25.2508185254 4.64755819616 -2.70642925629 -6.65721295226 -12.056192936 7.35398745245 5.39897998374 16.3975010956 25.4544038793 34.6086749697 1.88363409897 4.6169522679
1617 12.6627023489 6.99756242619 1.75627280593 -5.59474128846 -10.4593362635 5.24128962026 4.86459497504 7.08663161339 12.7465487357 18.6245805547 3.96843105928 9.48754265849
1646 15.3001524228 6.62672810622 1.04868580059 -7.42819769981 -11.5019807287 5.57804230563 4.07378302889 9.16065633986 15.3456412163 21.9299049485 4.00704151387 8.84807668532
1647 3.01085450254 3.57884567093 -4.08516794009 -3.85286250318 -13.4391504794 7.66401361102 9.58628797622 3.21915018651 6.71436465893 11.6467985798 3.25295249885 7.25980430289
1651 11.5285063691 4.70674487203 -0.828223994163 -5.08725833789 -12.2911817258 5.53496886619 7.20392338791 5.99973152336 11.6219770878 17.3258502967 2.08996656312 3.26801335444
1657 42.8596392047 3.93700098215 -0.820433298295 -30.9104223562 -10.1427733552 4.75743428044 -20.767649001 37.1156375068 42.8716758868 48.6235112489 7.67221356841 9.53877870172
1669 22.6680167996 4.74916478373 -0.951622870844 -6.89579328661 -13.6844442954 5.70078765457 6.78865100879 13.6923524341 22.9484489969 32.3580949667 4.32439072662 9.17484289052
1673 24.2749248283 6.72158745883 1.34703639606 -15.2590399523 -8.47592942774 5.37455106277 -6.78311052456 20.0810892879 24.3824358356 28.7378900081 1.92388526658 7.01318057828
1678 17.1623108965 4.77297837829 -0.812056037789 -7.51533370896 -13.0269693134 5.58503441608 5.51163560444 10.249677247 17.2429876437 24.4027561258 2.94640199709 3.53300609179
1688 21.3637582237 3.75915207365 -1.76046529499 -16.0941018284 -10.7595282427 5.51961736864 -5.3345735857 17.6650968024 21.5577434471 25.6090506261 3.81051343372 9.87183696558
1689 27.363509412 5.62715169207 -0.558358345297 -12.0882291007 -10.954564667 6.18551003737 -1.1336644337 21.0332425255 27.379331451 33.7661973312 4.53199059048 8.40247996407
1695 37.4483703431 5.41480471452 -1.15437415542 -9.55316934436 -11.8739123174 6.56917886994 2.32074297304 26.9225522024 37.681585789 48.3579999839 2.75005499427 8.44238343025
1709 23.1310049999 2.56347412505 -5.0077352772 -18.2625419543 -14.9974524186 7.57120940225 -3.2650895357 19.2623356159 23.5999620381 27.9290220867 4.15784786742 9.96738264543
1711 4.61622418222 6.64601185529 1.0520493518 -6.32098156857 -12.9422070034 5.59396250349 6.62122543483 4.57970833458 6.4396179685 10.4683647644 3.99720694083 7.81795458623
1717 6.19000718455 6.65659857766 0.421211616574 -1.75188586925 -9.56135563657 6.23538696109 7.80946976732 3.21799942447 6.67128940094 11.7652997762 3.35925694058 8.1705382524
1735 33.2843614125 7.85186178444 3.00360473137 -23.9683143139 -6.31384316107 4.84825705307 -17.6544711528 28.6475435467 33.3347457124 37.9497490189 1.46722043725 3.86714723065
1736 10.2310408388 7.71608171801 2.2425325669 -2.33783878654 -9.58831360725 5.47354915111 7.25047482071 4.03615074324 10.2248717519 16.7472205827 0.206537129778 4.37319616127
1737 13.0926937756 9.52121746202 4.26308903388 0.729866926851 -4.22615862034 5.25812842814 4.95602554719 6.56342751586 13.1529478406 19.8329000187 1.28669270298 7.35161828495
1741 30.6028752517 4.73198927001 -0.663453771439 -24.5202266375 -9.94727199358 5.39544304145 -14.5729546439 26.1796502505 30.6104972224 35.0720298352 3.72897202422 4.98773123281
1764 17.6519592538 7.09784039651 2.24512281143 -8.2589582669 -9.29880775864 4.85271758508 1.03984949174 12.0477281728 17.651115597 23.3425501153 4.39486009713 7.6347373979
1776 6.11757034076 2.41623131219 -3.75308251252 -5.87564471633 -13.0296818896 6.16931382471 7.15403717327 4.9089645164 10.25040822 19.6167391022 4.50597710349 6.67784088819
1779 4.84416022221 5.02067975143 -1.21841027987 -3.47165529688 -12.4321881102 6.2390900313 8.96053281332 3.74117171756 6.39531933021 9.73071574705 1.77615993827 5.90814286916
1784 4.7789698849 6.01701567936 -0.737149179362 -6.16060328026 -12.9588015552 6.75416485872 6.79819827494 97.7538131468 350.543737139 747.414963668 0.00415165614024 3.37967350971
1789 5.37387641775 7.66840612528 2.62869328449 0.857271028643 -5.60828519203 5.03971284079 6.46555622067 3.13406211774 6.32241514402 10.7775882181 2.87795435966 8.85864978003
1790 3.36303686462 2.70581144889 -2.20832056218 -4.35582801456 -12.6468398685 4.91413201107 8.29101185394 2.33683193196 6.35061715191 13.2271133729 8.66585698039 8.61111502122
1820 6.51948131206 6.57433085431 0.676444458545 -3.08586697745 -11.0284278671 5.89788639577 7.94256088965 3.34854608051 6.8479340996 11.9183984904 1.05074123752 7.17782226153
1821 11.1579390284 4.67562794033 -1.04269070509 -10.1179057828 -13.5715772159 5.71831864542 3.4536714331 6.84190644851 11.1930133835 16.3922733217 5.2679240923 6.24442276622
1838 7.83048338894 4.30401108345 -1.65101628008 -5.01827508231 -12.8551472307 5.95502736353 7.83687214839 4.91655179155 8.55643286335 13.0760275478 3.31091255073 7.27342188251
1852 38.7569890146 7.69636573431 1.9615141346 -34.335957727 -13.6286385194 5.73485159971 -20.7073192076 33.9693042147 38.7807943503 43.5759334101 0.260600438458 4.42393272541
1885 21.9244815174 7.16854355504 1.12777094111 -5.70936136332 -7.71706167284 6.04077261393 2.00770030952 15.877090918 22.2716313732 28.7785923521 2.1702085315 9.08068360827
1891 65.8552653773 7.99448318342 2.67672957535 -70.0785296405 -8.10790363982 5.31775360807 -61.9706260007 60.3519402377 65.8730323714 71.4241792589 1.02586396359 8.42878621454
1893 16.4271040361 5.81741196979 -0.61869046344 -9.62565555676 -10.3988631474 6.43610243323 0.77320759064 13.2102336262 17.0707183148 20.9295185942 2.09426364991 9.5738147827
1942 7.6212605839 7.84393728074 2.17279493803 -2.20729377926 -11.0153584913 5.67114234271 8.80806471204 2.93935573463 7.82361745259 13.9074008217 0.980468898434 5.81151819793
1955 35.779290429 -0.882765957529 -6.4148220631 -11.6876238721 -16.8222111513 5.53205610557 5.1345872792 14.6373181329 47.7044991066 99.5036193847 9.83496425758 5.49692366889
1958 35.0068434099 8.35694091158 2.67155816547 -18.581561572 -11.2691000609 5.68538274611 -7.3124615111 29.113985844 35.0325423177 40.9361900527 1.80326213666 5.74339881293
1972 12.6036776008 5.66310107627 -0.439575272884 -4.28526597749 -9.5639402369 6.10267634915 5.27867425941 6.95684534461 12.7525013411 18.8189416066 2.87809156364 6.6607898905
1992 10.7153935017 1.34720191707 -4.51912737463 -7.07304657057 -13.3330321245 5.8663292917 6.25998555393 4.87924408651 13.4128428286 27.7116009063 7.15297990955 6.12592361411
2016 4.71093885573 7.32675433056 2.27150721263 -2.10712011208 -9.31327416548 5.05524711793 7.2061540534 2.79925957542 5.09400804229 9.35975861865 4.28547239249 9.86034343439
2044 19.0304559324 7.41391532484 1.99111992666 -1.02318014918 -7.2584702537 5.42279539818 6.23529010452 6.24804107597 19.925414585 38.2671420666 3.39980584141 9.50805872671
2046 4.90169961928 3.08423857058 -4.29371757537 -6.3174973612 -18.5863171088 7.37795614595 12.2688197476 4.2654167391 8.04130119564 12.6464324894 2.430920414 7.71710483292
2086 148.070799632 7.42352132956 1.91214743264 -250.898914322 -13.7376134738 5.51137389692 -237.161300848 141.272880193 148.095441725 154.792006104 2.09884800597 7.43714163878
2090 4.16679994369 8.27206880398 2.8333571178 -2.10259738266 -9.54113003751 5.43871168618 7.43853265485 3.71865023236 5.79908411172 9.78676608657 3.4338247755 9.32818766186
2093 66.3300138008 9.14266983529 3.75143770996 -59.4116588273 -8.5400391448 5.39123212533 -50.8716196825 60.1559410879 66.3055919299 72.4151094422 1.68890564105 7.01091065242
2099 10.4326983842 7.82353428719 2.26407515122 -0.677006916282 -6.9865534916 5.55945913597 6.30954657532 3.99197896625 10.8965069882 19.8593390761 0.811374559908 9.87660192902
2112 11.2450829197 4.90948495376 -1.29514021348 -5.40393319834 -12.4373693975 6.20462516724 7.03343619916 7.19791652125 11.7405905665 16.3959349006 3.07711083306 9.29928247045
2113 28.3413196423 3.68074621624 -2.7000968068 -15.8052463858 -12.2725603587 6.38084302304 -3.5326860271 22.6024958021 28.3763136068 34.1181109648 3.16692285213 5.27547199815
2135 57.0140011948 6.646972779 0.837016050405 -109.009043456 -14.2909177054 5.8099567286 -94.7181257506 53.2737593017 57.0403701391 60.8499842569 1.53093295199 4.30371180704
2144 7.09630098727 3.42689616895 -2.84476437814 -4.44516882963 -12.1125119717 6.27166054709 7.66734314207 2.94846244123 7.29474051575 13.3444823796 5.52406887535 7.09276646956
2156 29.4361100273 2.09451318836 -4.10663505865 -12.1142409086 -13.8968816368 6.20114824701 1.7826407282 21.782376791 29.8030101647 37.8626823185 4.92822678544 6.60682014681
2181 19.4285570008 9.89171420124 4.88827077962 -9.45814475575 -8.41276668984 5.00344342162 -1.04537806591 15.3321555727 19.4646150801 23.6254652066 1.94481012496 7.33662411122
2186 7.02666794768 7.50663939951 1.46065538612 -0.274158808869 -7.2984055352 6.04598401339 7.02424672633 4.10384324623 8.06445914399 13.0653063011 1.36907573629 5.25104319868
2200 22.2895107654 3.87343710328 -1.61719144679 -10.8232166943 -11.9007358946 5.49062855007 1.0775192003 15.8887714495 22.4601399724 29.1796418593 3.59503181229 9.13895613184
2202 1.27260413424 8.612680304 3.08417440464 2.23537709847 -4.67520710715 5.52850589936 6.91058420562 1.36151705858 3.38092749565 6.94833927858 0.488170364807 7.60654355433
2209 41.6460847162 7.03921597011 0.717222668688 -24.3236205916 -8.64324517921 6.32199330142 -15.6803754124 35.7349818823 41.7325428676 47.7713259365 2.694444472 8.10246791436
2217 9.40730268805 3.45299343901 -3.61628750683 -4.43587080441 -12.9794307941 7.06928094584 8.54355998969 4.53052680833 10.6170277025 20.1621805935 2.52964541652 7.18243162689
2224 10.4511228438 0.340254742686 -6.21010981881 -15.7938177299 -16.6319974905 6.5503645615 0.8381797606 8.73483887566 13.4428571749 23.9670023456 9.6378856547 9.50500082531
2248 8.64977530395 8.59777066377 3.31865446163 -1.10644963363 -7.62041311088 5.27911620214 6.51396347725 3.55915191551 8.77679139854 15.1039823312 1.41382174551 3.96989269236
2260 93.8335604755 7.06739386369 2.06928601897 -355.473581008 -12.8315805717 4.99810784472 -342.642000436 90.4672615137 93.888426444 97.2486357036 5.24158829706 9.34867517181
2273 15.8861518334 6.81944716291 1.41381639392 -4.83832773876 -6.9237196953 5.40563076899 2.08539195654 11.0298571371 15.9086336984 20.8422893761 1.47537989172 6.11130127357
2275 15.4864886013 8.30188604975 2.7912952434 -2.0084680542 -5.59392808513 5.51059080635 3.58546003093 9.75841694481 15.4958880998 21.2825728723 1.5422399681 8.464921965
2281 2.60848960749 8.02402372146 2.03199394464 0.0961218810815 -8.2806278241 5.99202977682 8.37674970518 2.37627217163 5.13478048957 9.47366300469 0.00450530069559 3.56443242916
2285 29.3206856236 3.07368286909 -2.874666572 -11.5014624222 -15.015464243 5.94834944109 3.5140018208 20.8083415275 29.2438663934 37.8939454186 3.64977772167 7.31793420972
2287 6.84454310105 5.2690316721 -0.412878178648 -3.06922653939 -10.3426083968 5.68190985075 7.27338185741 4.2497042038 8.40704164388 13.7075168692 2.24296857156 9.97654231913
2289 12.4903571073 8.35453481244 2.6971783984 -4.02081781793 -9.89433358282 5.65735641404 5.87351576489 7.40660058262 12.5438671462 17.7817213545 2.83899700149 8.67710894846
2297 9.45171339306 8.02094087158 2.44430176082 -2.49749595426 -10.3584301714 5.57663911076 7.86093421714 4.6719514786 9.58558047436 14.8268596489 0.217972179089 5.63373665826
2308 22.1800063784 4.77217323068 -1.5208427457 -12.8923931102 -10.7109973954 6.29301597638 -2.1813957148 18.200964685 22.717713667 27.3170723566 2.71168386244 9.18396871523
2318 23.9256803483 5.75416397204 -0.291259542543 -13.4344790146 -10.7456536089 6.04542351458 -2.6888254057 19.3374508072 24.1310687328 28.9501350209 3.10101897066 8.08209495823
2324 15.3142959585 8.56772506304 3.35129456513 -3.10874188263 -10.2205268202 5.21643049791 7.11178493757 7.79840643684 15.4383841074 23.1841520348 1.65590529188 8.77927628454
2342 39.2941932549 6.40406777411 0.759644148318 -13.0580414443 -9.43521102492 5.64442362579 -3.62283041938 31.1017751148 39.4341340489 47.8220316224 1.81661467258 5.36058316491
2350 39.6031925141 8.63883188606 3.50836145178 -53.3523572678 -5.9488599886 5.13047043428 -47.4034972792 35.9914197227 39.6267342351 43.1825616155 1.93613766569 8.5871829004
2362 9.3040851959 2.94334845419 -2.70400063044 -6.72251188526 -13.3611124473 5.64734908463 6.63860056204 4.80400102856 9.47952604158 15.4210261004 7.61386884774 8.72979185126
2378 2.22542584282 7.72342470408 2.29926202693 0.746867311712 -7.28704252205 5.42416267715 8.03390983376 2.40673856434 4.45369829704 7.23686977052 1.44394877877 5.27968975222
2381 49.7490263928 4.26395140139 -1.74393470772 -15.608586522 -12.0809714649 6.00788610911 -3.5276150571 39.554078228 49.760401977 59.9522446539 2.75100916992 6.70402680351
2396 95.4193159534 3.51848719314 -2.74455688939 -243.192019426 -16.8470389518 6.26304408253 -226.344980474 91.2074762072 95.5649424108 99.9117146965 1.51712978368 7.99438410255
2402 0.858719262952 8.13618003218 2.25294049554 1.0669894348 -6.07555693405 5.88323953664 7.14254636885 2.22542754943 5.6476220067 11.6611496355 0.0541807596532 2.63520905971
2412 11.9071814216 6.33265380484 0.880955086924 -1.59147256407 -7.16031113688 5.45169871792 5.56883857281 4.22722727991 11.9873682468 21.0046144998 0.0390521409528 0.0589363016963
2425 28.8677458318 8.55255808696 3.50986909514 -27.7180237817 -13.2500070266 5.04268899182 -14.4680167551 24.9791109164 28.8915792945 32.8238747329 1.37314849158 6.38594796496
2432 1.55882418425 5.10922850414 -1.37881342161 -1.8244152117 -11.0514975801 6.48804192575 9.2270823684 2.3103665629 4.59757615825 8.28604810046 1.93548294423 4.7474495465
2436 60.7957437978 5.112071566 -1.13118394041 -16.3219257376 -10.9569332248 6.24325550641 -5.3649925128 48.6768061214 60.8854527357 72.9501483821 2.33070372545 6.20217994848
2457 36.5506567001 8.6593665895 3.39973142842 -28.6334453325 -7.23722330398 5.25963516108 -21.3962220285 31.9112900548 36.5456451074 41.1957390774 2.21834811063 5.4161666262
2462 26.7010962851 6.98749115321 1.14762082404 -16.6613763592 -9.08926843537 5.83987032917 -7.57210792383 22.2638908719 26.9227183849 31.5825139337 1.9151539446 5.70628573905
2467 29.832462685 4.03325789631 -1.56035432676 -16.0292146093 -13.0682492603 5.59361222307 -2.960965349 23.6281254312 29.8745483712 36.0984276688 4.89999811374 7.90424382666
2476 3.74531783264 9.50671353301 4.55355400367 1.94013713331 -4.1640546799 4.95315952934 6.10419181321 2.80334379397 6.80862194547 13.8656522346 1.09122189028 3.81998148148
2479 32.6749158393 7.0288441585 1.76556282366 -15.8235061126 -7.17776493951 5.26328133484 -8.64574117309 27.0378342282 32.7483989614 38.4428208034 1.21569273551 7.97662142517
2485 99.6816192418 7.20060312398 1.60017203108 -187.525657107 -12.9102342121 5.6004310929 -174.615422895 94.5496425483 99.7155151579 104.838550648 2.19686709116 6.75057223396
2495 36.4150374687 -5.27824847959 -11.349964561 -41.632516793 -22.2738050521 6.07171608141 -19.3587117409 28.9033687143 36.4907210298 44.2222187991 3.77475704129 8.8915921028
