paper/figures/group_prob_dv.ecsv
# %ECSV 0.9
# ---
# datatype:
# - {name: group_id, datatype: int32}
# - {name: dv, unit: km / s, datatype: float64}
# - {name: prob, datatype: float64}
# - {name: dv_15, unit: km / s, datatype: float64}
# - {name: dv_50, unit: km / s, datatype: float64}
# - {name: dv_85, unit: km / s, datatype: float64}
# - {name: sep_2d, unit: deg, datatype: float64}
# - {name: sep_3d, unit: pc, datatype: float64}
# - {name: chord_length, unit: pc, datatype: float64}
# - {name: d_min, unit: pc, datatype: float64}
# schema: astropy-2.0
group_id dv prob dv_15 dv_50 dv_85 sep_2d sep_3d chord_length d_min
324 29.977866358 4.42026115523e-09 21.9548800747 30.1896307549 38.3698331247 2.03010728078 6.20968078069 6.19260314436 174.783169532
328 28.753337545 5.27449035239e-09 22.1401712247 29.184778241 36.165593071 2.84918200171 9.8270573693 8.24398255509 165.799895557
344 15.2972328009 0.613198347596 5.59439289709 18.542600293 38.4504877 3.19580366328 5.0645965625 2.96165635921 53.1047669077
355 28.5225237889 1.29947146268e-06 21.6957444676 29.9124126403 38.3318249448 1.72353613879 10.7866356833 5.63138002638 187.211899232
372 81.662203651 1.21540148877e-320 76.3782404546 81.713040172 87.0645419754 1.72029766048 4.72916160061 3.39936660816 113.222659248
392 64.21245417 1.12264768069e-120 56.3312006009 64.2168590854 72.1466872181 4.91123520585 8.55692404246 4.06396280632 47.425791533
425 26.7170960079 0.00315442918189 20.5403882596 26.870230341 33.1956908831 3.7514627796 9.54947541931 6.41173906775 97.9434526677
450 32.623210725 1.49338034415e-24 26.6934026859 32.7375660052 38.7451246822 2.91832446272 9.27252097384 9.18048662943 180.260970887
458 21.2981214747 2.15891284292e-05 16.5105762164 21.3862310022 26.370088606 2.47932644642 7.48627104201 7.39256412752 170.851149289
465 5.84676184498 0.974752542982 2.32769771474 6.04850678886 11.1831012092 3.45873922621 6.02355249849 4.42533196894 73.319013406
468 1.13626138672 0.945456025146 2.8374901408 7.55275041585 15.7428848579 0.00355652070699 0.391595079656 0.00511326967855 82.3751065373
473 37.158376082 6.57607149849e-31 31.5301497075 37.1460857168 42.8265045525 3.29309868537 7.84421036158 6.87335755029 119.604247312
483 63.0010033451 4.24030229909e-191 58.0728695928 62.9908722741 67.8842122416 0.975137257332 2.48789642755 2.37094602852 139.310481073
568 9.54275799771 0.851495080936 4.72815641239 9.68809478773 14.9224020453 1.65013005684 5.86299498733 3.34760077418 116.239337645
575 23.0825600044 0.00919366677746 16.7193037674 23.0822947798 29.5359711917 3.68650151353 6.92676914488 6.09571325152 94.7562053661
590 21.2834607277 3.35334465796e-06 16.8853528231 21.7333871584 26.7105312702 3.37610287492 9.47578272552 9.37440995833 159.115956314
605 27.3147026623 0.028328397876 17.9981314047 27.3513368123 36.6515993624 0.854960592672 7.61450498329 1.34975534497 90.4556336225
613 1.46072056735 0.989735763245 2.23138682791 4.32516822748 7.1678276136 0.243544919821 2.22612193208 0.681535288899 160.336438426
623 29.5760813777 4.25106968169e-07 20.998635348 29.5709405162 38.2204352835 5.11270881203 9.03356149102 7.91895553782 88.7735477728
645 23.1487168578 5.62572877012e-06 17.7032105429 23.2521252937 28.8158586621 2.22846713382 6.49990901631 4.50941103398 115.948089399
724 7.21355959288 0.833316918216 5.02951325509 8.5099596201 12.2146432567 0.00898271881917 5.37423001245 0.025941502792 165.466453493
729 34.3300922816 5.00083789081e-24 29.2661957039 34.3692046842 39.4688409482 3.32176969342 7.19100436203 5.95044021951 102.650964658
733 39.0585566441 9.54179624772e-20 28.7224077583 39.0943187428 49.580184535 4.46098726705 8.00222495268 6.00417136834 77.1355231301
746 49.518777557 0.0939043095773 28.583742135 49.5679956443 70.7829485163 3.58235573653 6.84663662736 3.52256019254 56.3485944505
747 7.84391215497 0.901215514663 4.53992635587 8.24251103979 12.5680685907 2.2982155351 5.81045934671 5.80331604567 144.689566001
762 37.7742096895 2.00003652287e-23 30.3387283355 37.8396828136 45.352124487 1.52987956566 4.87842848852 3.55173100729 133.020432925
784 31.0189261839 1.59092638496e-14 25.1322101089 31.3061516099 37.5356420913 2.91092041103 8.43504127685 8.10080699249 159.46570407
798 10.7576391363 0.811406341398 4.42584169983 10.8513620689 17.8060348485 0.897983815162 6.58997230431 2.20695812644 140.816213242
821 25.3541241701 1.25557314693e-10 20.633189317 25.4999112324 30.3305551171 3.76310826246 9.81912190898 9.34018765011 142.236017067
834 28.5884113152 0.0265375056368 20.2041830976 28.5943478838 37.0525866182 4.11225577278 8.61156218843 5.23618859913 72.9711202718
835 29.2379497355 6.56688035006e-15 24.5287341098 29.2629385879 34.0131379204 3.60472622564 9.09928087144 6.227820927 99.0052195876
864 17.3577284416 0.0609041758544 10.9543826034 17.5783976702 24.2378992011 0.461785465402 8.37420958652 0.864964983895 107.320348632
882 25.0245733943 4.14462702031e-05 19.1819478138 25.2936582704 31.4293928231 2.11315321653 5.47340342282 5.1147904087 138.689665925
884 6.3594492678 0.92256095809 2.23251279481 6.74974573974 13.1602900675 0.00516525656017 1.80899946047 0.00851920319334 94.4995436861
896 21.7836850644 0.0193970094703 15.4921625636 22.1215040928 28.9139612727 2.20780010046 7.0365541872 5.26554698614 136.657428781
902 11.9004253425 0.673386680764 7.02340181589 11.9287186748 16.8059404493 3.5035845943 9.32295204992 6.16641392044 100.858002609
905 32.2951041466 1.29151494375e-22 27.7369933378 32.4038022817 37.0967104409 3.91238631734 7.19688109807 7.19505628376 105.390016956
927 63.0087005671 4.73926432711e-116 56.4234604176 63.0806134413 69.777592387 2.26616422064 7.13609337737 7.09446574521 179.382163874
942 17.4039520947 0.26468807445 8.85216765326 17.9685542948 28.585045643 2.59642898826 6.50873090115 6.46664045375 142.71251477
957 7.41529807547 0.931126526381 2.77196014701 7.92983786547 15.4135625697 2.83720597408 4.59222165371 4.42981733026 89.4668110359
974 14.2721561365 0.396449882121 6.47047689391 14.5757302802 24.2267910191 2.51090943633 9.06280877849 8.27496115877 188.839264779
980 32.0071381094 6.37606045649e-15 25.8343505286 32.0664048138 38.3612484696 4.6111058235 6.81133525669 6.15838263932 76.5422847806
997 11.7673880608 0.567786621824 7.45833953111 11.8050579996 16.1523697767 2.34192111241 9.51430091151 5.56655042958 136.196752185
1014 46.6763005148 1.38887260681e-70 41.9144180721 47.0901604825 52.2626074317 1.98409066589 7.3451530272 5.25475013132 151.752162266
1017 44.330836135 6.98461435293e-41 36.7405285738 44.377052788 51.9533795507 0.968762439746 4.55553404469 2.67017179978 157.924575545
1024 12.1318661696 0.377221662789 7.69351513966 12.2416241343 16.8125277735 3.33571673382 8.69069090858 8.13066449169 139.6756965
1025 59.6420474341 3.26482228554e-25 48.5080663983 59.6881144576 70.858533409 3.72018642983 8.12532914142 7.95430385618 122.528296652
1063 4.1058105955 0.924241377788 2.75312677958 7.76423092699 16.2586094226 0.768303747839 2.30724554583 1.98865081418 148.303522628
1093 12.5112503354 0.496023902093 5.00349340754 13.8960998635 27.4444512585 5.63338324911 8.98563938938 8.95065623029 91.0716398653
1095 17.3280598455 0.348762051362 9.7892564186 17.4733670538 25.2287783305 1.17940895508 4.19214173363 4.01190891641 194.902290745
1114 39.9456659993 0.000159841508483 26.8612521717 40.1217597135 53.3170869887 5.44994528432 8.49943269239 7.29084575318 76.6782401587
1120 0.681650658327 0.944245101919 2.45185575835 6.69806301368 13.9276107711 2.14431181293 4.91861855181 4.06087676258 108.512520233
1139 3.82745514618 0.956335812609 3.32874619651 6.1683284018 11.9387824471 2.33456935851 8.30586671185 3.16953281688 77.7931123995
1178 20.8917615617 5.76266655874e-05 16.9035611094 21.4325086106 26.0032263187 2.72862693796 5.65729203814 4.56440449158 95.8525422073
1203 16.7565746486 0.0407136925115 12.3721676705 16.8257036937 21.2425552509 0.851054904544 6.48447093561 2.21028855521 148.805170216
1219 12.3524452938 0.477575103461 7.51806442312 12.6883318263 17.9430459818 1.82651590676 5.27094703486 4.79751780719 150.499188752
1221 51.3953832911 2.45663345857e-57 43.4446029944 51.4779697675 59.503873212 1.97263230923 7.24074503475 5.75162218073 167.066082904
1224 38.0968832683 2.0442112114e-20 30.9218584571 38.1069933016 45.3509685606 2.38273319188 8.70706541568 5.39112427343 129.64562226
1229 7.61844106818 0.828674147884 3.87159489183 8.86558113869 17.2154071777 4.00480751275 9.75139375027 6.56850685559 93.9931175521
1240 8.24747010954 0.898212265851 3.04134463001 8.76907105133 17.1499352636 1.16620659132 9.07389948545 3.82927907461 188.135891677
1243 77.5428908442 1.2138658787e-280 71.9527177342 77.5694864207 83.207214295 6.59993130957 6.97283038398 5.06044351418 43.9553692735
1253 6.0241713483 0.525790981322 6.35373996038 12.1477603282 22.6508616814 4.34213424928 9.09440735697 7.31480126192 96.5441248629
1254 15.0610456032 0.033573966263 11.3935352382 15.6054606014 19.8249267192 0.823129539373 1.48895206281 1.08611645252 75.6022241579
1256 13.3904035863 0.00159287220072 10.8053449991 16.3864320661 28.5757646957 10.4393257695 8.58249987968 6.97473543207 38.3335294575
1275 44.1477089225 4.00366659115e-38 37.7082041227 44.3408352522 50.9583412136 2.67054599745 8.88815396821 8.88813516878 190.709590388
1305 27.6193203413 0.0243836696137 19.4684975747 27.6357370244 35.8290716489 2.78297824553 5.3156157882 4.35462608129 89.661579088
1336 5.33772377899 0.973721971743 2.91848346701 5.95159927616 10.2381096661 0.262980894073 4.82333645985 0.682703751212 148.74113983
1358 56.0604648826 0.00304566860121 36.4852506875 55.9471248362 75.6481488296 4.51173756205 6.22516493041 6.22470335924 79.069624088
1370 14.8710409506 0.145724491634 7.99751513729 14.8975992752 22.8121385936 3.35546442211 10.0079167084 7.37459176635 125.941842614
1373 47.713216959 1.70526599757e-21 36.7754926664 47.7086849422 58.6877433346 5.41818153631 9.83575818575 9.73157163917 102.947047949
1391 20.8582356818 0.0175391706775 15.7433909123 20.9557349002 26.1741411817 1.14690160469 7.55475803895 2.76317300339 138.042177045
1397 17.3015617751 0.141058384365 10.6734346996 17.5117787443 24.2396884781 1.5914395138 3.49343932944 3.47729073641 125.195137035
1405 10.7125005953 0.749393091341 5.27220799757 10.7576117937 16.4862425325 2.92458630143 9.73408581432 9.45834759575 185.319282306
1426 46.1760780558 1.09524945226e-32 39.1413723866 46.2412559664 53.4461823604 0.00862611099332 8.6836986205 0.0215493166374 143.133434851
1434 14.150789192 0.163176665381 9.67678343721 14.3417608728 19.0328258266 2.2264506202 9.38150378083 5.52434367904 142.173147725
1443 8.04514274565 0.856972437563 4.44891582365 8.58984921872 13.1986349185 2.89869934725 8.7883585684 8.36445256112 165.349657405
1445 1.21891390864 0.986634943801 2.11628191438 4.37985116503 7.59482754057 2.41619796257 6.80749694387 6.78901285905 161.001132487
1453 8.76231592803 0.924482725259 3.93299283442 8.74844219062 13.7186671944 0.0574221306367 0.933033690991 0.0677687167608 67.6196019349
1454 37.5809350872 7.81926301757e-11 29.9422035709 37.5653812765 45.1680662472 4.02383023206 7.99506640414 7.87044812396 112.091246132
1473 20.8718763534 0.480440364653 10.570816328 20.8811062984 31.5188288543 1.44092103594 1.81612396605 1.28858436882 51.2397207758
1480 4.81410460243 0.94435778228 3.49015539735 7.11909149038 13.3267410403 1.71813075636 3.91397623331 3.89051759113 129.744834262
1481 14.7987438811 0.780439813305 5.30471589642 14.8994748581 26.4990618001 2.36820864492 5.34726002213 5.10369809591 123.486238499
1482 22.1147124165 2.93427735114e-11 17.9948839662 22.2330705443 26.4158751602 2.65178703759 6.95156810813 6.92183174062 149.569757549
1497 28.9944182782 0.0188844830031 19.4271616614 29.0236224591 38.7121118028 4.93130286311 6.0767261179 5.39648054208 62.7199386912
1500 9.60022768168 0.863779133977 3.92652481061 10.1603296226 18.6886950371 4.48733131483 9.3717631153 8.40175580955 107.303911172
1503 16.7796011797 0.0072369921329 12.3210014365 17.0735674314 21.885963977 3.24631967978 8.35600008568 7.98416241109 140.934981649
1515 6.46339037826 0.85614398396 4.70566923136 7.74453322925 12.7220552652 3.16058756457 8.79953367731 3.06743844199 55.6142040785
1517 15.8955348668 0.538709514541 5.98165145642 16.0080890225 27.3355913506 4.15164526421 9.12436421939 6.41169287916 88.505471379
1530 18.3908635008 0.00298510619348 13.6576193187 18.6005461507 23.5591918835 0.684109898551 2.36371954843 2.13007183064 178.399481097
1534 3.08342530262 0.980122043825 2.61232139705 5.82738603548 11.3177247021 0.52848329455 9.50447732324 1.43723643174 155.81925572
1551 59.0715046725 6.08581057799e-178 55.5544243917 59.2995566446 63.0884504252 2.44886085981 7.22487686118 6.51075748688 152.34320864
1578 5.05367416815 0.93003878068 3.81730240369 7.53575246866 12.2035261834 1.21519326405 8.04887345972 3.89259743234 183.537541775
1585 21.2620092537 0.0468002196277 15.9173269651 21.3147890177 26.6557906543 0.757629023049 3.03092592389 1.28442618852 97.1355816826
1609 9.26154577663 0.884881230416 4.8537824361 9.66921895434 15.3432088672 2.09493984288 8.46559690714 4.64878492491 127.149519178
1613 37.1487810499 4.21613932837e-46 33.1315956635 37.167588651 41.3014777068 8.91934363197 8.71470220283 6.56839767077 42.2364868761
1614 7.80793926624 0.815275326057 5.14911287854 8.3609415293 12.8227435185 3.31952639917 7.3531470121 4.61263804267 79.6263162714
1615 25.2458133536 0.0355425433759 16.4650561832 25.5133992161 34.6792161338 1.88363409897 4.59215307218 4.58552147824 139.487207101
1617 12.662852986 0.335650790668 7.04212846893 12.6760202617 18.5566481885 3.96843105928 9.39351635119 7.4072796713 106.966884626
1646 15.3130301761 0.0565935572625 9.14058933126 15.3806721668 21.9583548604 4.00704151387 8.84748621526 8.25792426692 118.102256753
1647 2.99469098453 0.915460811019 3.23858494032 6.71109439353 11.5566032809 3.25295249885 7.30367513906 7.01360165993 123.550451717
1651 11.5302219407 0.78555918387 5.97564251361 11.5867166429 17.3012613943 2.08996656312 3.27404806336 2.76511724212 75.8090269393
1657 42.8601442043 7.66364201497e-64 37.0762957088 42.8505286079 48.6140778771 7.67221356841 9.52903972332 6.47386213344 48.382678746
1669 22.6479300242 0.140216918294 13.6441122074 22.9545918734 32.3915358954 4.32439072662 8.82128050914 8.20744059062 108.769852224
1673 24.293033902 7.79183069302e-10 20.0641389593 24.3723638091 28.6908422746 1.92388526658 6.53000297127 5.12079353021 152.510987094
1678 17.1700994348 0.188910490011 10.1979068811 17.2868657127 24.3912135923 2.94640199709 3.50609513227 3.46847201647 67.4553937224
1688 20.953260857 2.847445564e-05 17.6992570434 21.5885287758 25.6210920302 3.81051343372 11.9366335486 8.03043778533 120.76981412
1689 27.3732589479 1.04826718878e-07 21.0818150874 27.4180699307 33.7497493366 4.53199059048 8.38438050588 8.08133353767 102.195055982
1695 37.3887798899 0.000673143333106 26.8883212678 37.6090051689 48.4783515031 2.75005499427 8.02922143719 7.72236312799 160.906342064
1709 23.0896800375 9.45367015006e-07 19.2356824566 23.5845705297 27.9356097334 4.15784786742 10.0656468179 9.18017010542 126.531910155
1711 4.63806976238 0.86049368995 4.59813350492 6.45864201235 10.4389746656 3.99720694083 7.74369353023 6.89931944077 98.9145840733
1717 6.18076694761 0.933192452768 3.26320381042 6.73053714386 11.8248807824 3.35925694058 8.15024320917 7.91389089896 134.999348698
1735 33.2935131237 4.79232489165e-39 28.686934665 33.2949975068 37.9495407468 1.46722043725 3.68170011131 3.37793074649 131.913691117
1736 10.2308544918 0.878134753479 4.00984620967 10.2459885731 16.7799446911 0.206537129778 4.47847438692 0.36366905047 100.886039403
1737 13.0920301329 0.619274468827 6.66322594348 13.1639423106 19.8696163162 1.28669270298 7.16048958649 4.07934863198 181.65516189
1741 30.6087323965 4.32777426036e-22 26.183738848 30.5984287831 35.0531851251 3.72897202422 4.96693899944 4.95066656959 76.0805837481
1764 17.650900166 0.0386948650119 12.0779409942 17.6730841148 23.3299328606 4.39486009713 7.58856361235 7.39172056851 96.3894698201
1776 6.1166120381 0.671255422101 4.92125087579 10.268861619 19.6580797973 4.50597710349 6.66074323263 6.11620587304 77.7906987525
1779 4.39657263266 0.970347421279 3.7313458181 6.41161312039 9.76254166935 1.77615993827 6.69778518301 4.44105858932 143.266435186
1784 4.77764066047 0.273919488234 99.9330643291 351.271002311 752.539946742 0.00415165614024 3.34303808994 0.0082585866767 113.97431421
1789 5.29691577542 0.972174497421 3.16979051083 6.34419921164 10.8038277149 2.87795435966 8.90029145256 8.69716533933 173.165795845
