paper/figures/group_prob_dv.ecsv
# %ECSV 0.9
# ---
# datatype:
# - {name: group_id, datatype: int32}
# - {name: dv, unit: km / s, datatype: float64}
# - {name: prob, datatype: float64}
# - {name: dv_15, unit: km / s, datatype: float64}
# - {name: dv_50, unit: km / s, datatype: float64}
# - {name: dv_85, unit: km / s, datatype: float64}
# - {name: sep_2d, unit: deg, datatype: float64}
# - {name: sep_3d, unit: pc, datatype: float64}
# - {name: chord_length, unit: pc, datatype: float64}
# - {name: d_min, unit: pc, datatype: float64}
# schema: astropy-2.0
group_id dv prob dv_15 dv_50 dv_85 sep_2d sep_3d chord_length d_min
[from data line 121]
1820 6.53189415121 0.92785996333 3.34510958418 6.83867916992 11.9372130491 1.05074123752 6.89374514157 2.13050396383 116.175697297
1821 11.1499146483 0.19972448189 6.82846617627 11.1740840437 16.3174776796 5.2679240923 6.22946830495 6.04858098131 65.8096535573
1838 7.92759156989 0.845570803276 4.91351132733 8.54346523894 13.0177131391 3.31091255073 7.48692135889 6.52154818323 112.871957571
1852 38.759976275 2.11421531317e-55 33.9631004046 38.7871590206 43.6033567873 0.260600438458 5.04451490416 0.531162718761 116.781876625
1885 21.911210549 0.00216012470809 15.7827710498 22.27042596 28.7604345858 2.1702085315 8.61190632374 7.15655262379 188.951784104
1891 65.8562535978 1.52263855034e-173 60.3928565298 65.8965652989 71.3889151064 1.02586396359 8.23580603617 2.18949655421 122.287741804
1893 16.4242341427 0.00111710819777 13.1987711771 17.0340202679 20.9728744369 2.09426364991 10.5316842727 5.58990977705 152.939706549
1942 7.61900234448 0.940194784469 2.93882373304 7.79497056971 13.8729755603 0.980468898434 5.74799841024 2.10799533195 123.186681026
1955 35.7795836167 0.0215903041031 14.9303158454 47.9187353555 99.9258633526 9.83496425758 5.49573574634 3.13665484476 18.2957361597
1958 35.0045951794 2.4352756544e-29 29.2023516998 35.0852491276 40.8915293151 1.80326213666 5.61152499032 5.5187184809 175.355718713
1972 12.5861457039 0.642654604193 7.01526646381 12.7337212571 18.8268625207 2.87809156364 6.49737763422 6.13092726313 122.064633288
1992 10.7389824659 0.441772683145 4.87074461376 13.4007010651 27.3782812168 7.15297990955 6.09881459815 6.01801484436 48.2359629252
2016 4.71447586049 0.969243379226 2.80359186431 5.12547396095 9.37283481098 4.28547239249 9.87118719574 7.44316005189 99.5365369945
2044 19.0198457261 0.632059185992 6.1583453959 19.9736315503 38.1997073069 3.39980584141 9.28363505915 8.71631753075 146.914707799
2046 5.01360548252 0.879112311594 4.25752913319 8.02131873312 12.629935776 2.430920414 7.76478083777 6.88650041794 162.324115185
2086 148.048397342 0.0 141.340440167 148.107666492 154.856859138 2.09884800597 8.77914641897 5.37753343213 146.807771078
2090 4.17558117851 0.94310702707 3.70903451155 5.80462347131 9.78647092769 3.4338247755 9.31963627418 8.85672913304 147.802868565
2093 66.3283524978 3.42425082977e-147 60.114178776 66.3512980785 72.5291560832 1.68890564105 6.40894608469 4.1988942073 142.45178709
2099 10.4428926964 0.811788786801 4.01093412474 10.8005203438 19.7601172857 0.811374559908 8.99576030879 2.00611569506 141.664440389
2112 11.2290820348 0.311020063773 7.15402868802 11.6928490544 16.4018107296 3.07711083306 9.72193393414 6.7497915024 125.696170231
2113 28.3459324016 1.8575943199e-13 22.6096546724 28.3666920976 34.1913129709 3.16692285213 5.06503298701 4.07216809921 73.6828018243
2135 57.0145645419 1.90044949608e-137 53.2291014237 57.0192363489 60.7905024156 1.53093295199 4.14814504812 3.12554657328 116.97831343
2144 7.09375930124 0.936440627081 2.92780301774 7.29729162989 13.4074918936 5.52406887535 7.08607188804 5.77394656312 59.9107185762
2156 29.4382157397 0.00254760769534 21.7793878484 29.7301459173 37.8759075371 4.92822678544 6.99762299752 6.13164530669 71.308755712
2181 19.4301351282 2.56101819455e-05 15.3364329546 19.4752554994 23.6656473331 1.94481012496 6.83236111289 6.48937577147 191.191771681
2186 7.06026805 0.918394317891 4.06470963778 8.04094841552 13.0192610633 1.36907573629 4.94839134407 4.61464398902 193.127310452
2200 22.3004581526 0.00287276859342 15.8348798202 22.4619346749 29.1891858812 3.59503181229 9.06605573546 5.51284823781 87.875371799
2202 1.27121950447 0.994384996171 1.33762419215 3.36708639414 6.90011564876 0.488170364807 7.70581198619 1.13863329286 133.63998335
2209 41.6338155498 4.90382424376e-46 35.7337374555 41.7005886637 47.765691033 2.694444472 8.03438665397 8.00911827956 170.324891764
2217 9.41312677363 0.769718237952 4.57627149702 10.65283801 20.0868403767 2.52964541652 7.17290999152 4.94231591313 111.951201409
2224 10.4717447875 0.00898689089918 8.74286530864 13.4481034552 23.8421235899 9.6378856547 9.46356604489 8.83056056052 52.5582967
2248 8.65112316847 0.872166324708 3.61794542219 8.83981045614 15.2084605093 1.41382174551 4.01896622061 3.76253854186 152.482481503
2260 93.8322683673 0.0 90.4653858495 93.8197335506 97.2321291208 5.24158829706 9.29330995276 8.6502248393 94.5885520402
2273 15.8871910091 0.0921147756836 10.9592502469 15.8662839524 20.8253037762 1.47537989172 5.99987030393 2.17869450355 84.6110547434
2275 15.4844774406 0.323285561409 9.74119424697 15.5185877701 21.264953541 1.5422399681 8.46706013196 3.3316286543 123.777121313
2281 2.59832754927 0.965493184962 2.35771346751 5.08828818261 9.47246484315 0.00450530069558 2.26852966429 0.0139377471529 177.252117438
2285 29.3186114196 0.0128195417789 20.8143234096 29.3059081407 37.850211848 3.64977772167 7.31783955713 3.86748747555 60.723747085
2287 5.76045163768 0.975646893716 4.25505148228 8.42440653103 13.7413371373 2.24296857156 5.3383264259 5.17301065017 132.151028822
2289 12.4931588327 0.353290458334 7.38089265628 12.4967320686 17.8131604879 2.83899700149 8.6218597502 7.79772940034 157.387518377
2297 9.44430781437 0.906485855743 4.66603100938 9.58496140577 14.7428174432 0.217972179089 5.08911790638 0.529945849527 139.300707943
2308 22.1498754631 1.00448179878e-07 18.1909502443 22.7307356197 27.3411912576 2.71168386244 8.63909752386 8.21036660776 173.494878418
2318 23.9164353674 3.02150864368e-07 19.3618743852 24.1730142304 28.9885309878 3.10101897066 8.26798532504 7.3175025202 135.217872566
2324 15.311916453 0.56458095582 7.82380798466 15.3752545163 23.1150300624 1.65590529188 9.26666980335 4.07844086322 141.12255238
2342 39.2709735247 4.30712743969e-18 31.1150627815 39.4847328877 47.7667845587 1.81661467258 5.16436608267 4.45017391762 140.363758853
2350 39.6029695567 9.38301796652e-58 35.9909308361 39.6014135554 43.2120266444 1.93613766569 8.04153546174 4.41033912052 130.520595536
2362 9.34851466928 0.848243753606 4.82390615891 9.50455041823 15.4587362792 7.61386884774 8.74932357262 8.47848871187 63.8491740964
2378 2.08653446344 0.98584436442 2.37940980308 4.44703631334 7.29051979327 1.44394877877 5.51785563669 4.85268332086 192.559206868
2381 49.7537704851 2.68015869597e-26 39.593301036 49.9121560152 60.1052029971 2.75100916992 8.2816500466 4.49914409893 93.7135122824
2396 95.396044346 0.0 91.2182016776 95.5507041904 99.9090107208 1.51712978368 7.91365172105 5.02231696041 189.677887143
2402 0.861414957606 0.970081844018 2.23666951668 5.62856819412 11.513128122 0.0541807596532 2.66807973605 0.144879296223 153.20886187
2412 11.9072444402 0.863995867533 4.19636563828 12.0636228793 21.1778594224 0.0390521409528 0.0785137972983 0.053683494725 78.7623331718
2425 28.8609708847 2.27535371236e-25 24.9535503185 28.8786274915 32.7949809956 1.37314849158 4.1401158277 3.19003104646 133.109922813
2432 1.55833029345 0.980593672142 2.30558549928 4.59472090958 8.24491124757 1.93548294423 4.7143633346 4.29092121676 127.029466496
2436 60.7983736065 3.22555505623e-35 48.8353486239 60.8725651754 73.0265045189 2.33070372545 6.28620828133 5.09663357428 125.299378474
2457 36.5515972587 3.92590221932e-44 31.953836768 36.5853485571 41.2183632664 2.21834811063 5.31386818632 5.21313397679 134.6539033
2462 26.7095243695 4.30938962343e-13 22.264961471 26.9547432289 31.6192065103 1.9151539446 6.30859518015 5.41664347564 162.057603513
2467 29.8287255816 2.34982176398e-12 23.6037378375 29.8042711496 36.0669489165 4.89999811374 7.9127238359 6.97207984589 81.5495236229
2476 3.64408209726 0.910627305401 2.78237729592 6.74768797205 13.8461924466 1.09122189028 4.29374831671 3.59879627178 188.961526473
2479 32.6452928732 1.56144954654e-15 27.0754636362 32.7670412655 38.5048732649 1.21569273551 9.00441765457 3.32993202148 156.943135602
2485 99.6870027585 0.0 94.5571135168 99.706199235 104.828158982 2.19686709116 6.70938749504 6.5681918864 171.313380406
2495 36.3830542023 1.77022851363e-13 28.9497131185 36.4485145199 44.1795024208 3.77475704129 8.82211930372 2.13366967556 32.3921189786
2499 13.9139531531 0.596542426833 6.12836836291 21.0434684894 44.3318210896 3.08556272609 5.79046116103 4.75633742927 88.331049736
2503 12.3011996195 0.0312159522332 7.25127211246 12.4086890602 20.1575071558 3.75296887907 6.63871408537 3.50448150879 53.511741313
2509 23.4384570874 1.70736421024e-06 18.5166254707 23.698689053 28.8801568315 1.77645877461 3.79501568208 3.28527632166 105.963622836
2553 1.92629880585 0.980769431425 2.38867749429 4.78140708077 8.29203227284 1.46085573304 4.10223012555 3.97988211406 156.097977149
2561 3.85508867921 0.983054120533 1.78014406667 4.53838331547 8.95476212626 1.97995162277 3.65878546079 3.46855795824 100.378018544
2563 18.5092176417 0.0238387860755 13.8645241711 18.7710429089 23.6546636469 2.07128361829 5.70794515185 5.42661289556 150.118962239
2575 9.70384538011 0.532349989106 6.70092318019 10.4880524445 14.3693997541 2.18465067773 5.41141777103 4.26998619978 111.993652457
2611 7.99016674797 0.667084552331 5.00464643033 8.54236460446 12.2327040857 1.19107430687 2.19469748937 2.17863884179 104.803753786
2629 28.6336537373 9.16178160908e-10 21.8290954815 28.62765661 35.4497806911 2.45077098362 9.44171945325 7.05489019067 164.946562603
2633 2.85053168297 0.988046147348 2.15530985318 4.95698768041 9.70124017205 7.53426434365 8.73522116029 6.3317606121 48.185815531
2643 7.81369539448 0.831748532017 4.41489750226 8.14669778382 12.6960969541 3.16925891437 5.45661251795 4.43959123885 80.2718486701
2647 12.508051009 0.0415913725515 9.46426086448 12.653999544 15.9151208644 1.42119796912 6.50832784965 3.85939259976 155.595899514
2664 37.6457332541 7.78231150465e-12 29.6429996105 37.6373470318 45.6491792424 1.71881859149 6.24031848081 4.82759656439 160.931049877
2683 1.25917680816 0.992945443153 1.72348625052 4.23967963429 8.7112081936 3.13386178482 6.63186853056 2.5330644103 46.3172924923
2684 3.49400228061 0.896295868651 4.1768596836 7.86378971848 14.9377863088 3.02342080016 8.70830475614 7.92701609116 150.239512097
2708 12.2444310618 0.559666200635 6.4859268609 12.2714325811 18.1111803101 4.84480246567 6.4941884163 6.48743014731 76.7447444151
2740 14.700591129 0.4759360928 5.74929036621 14.9596234873 26.6192842333 6.67309333977 8.81887695194 8.57741951097 73.6881363361
2747 49.1259521764 9.1853919697e-35 40.6585111293 49.206318916 57.6839987387 1.34683224206 7.76873049888 2.31263144661 98.3842442079
2776 29.4133362671 7.17486922106e-14 24.471934103 29.4617122373 34.4738922748 4.15075138141 9.03727842314 8.05914995915 111.270520917
2781 48.6550499311 1.73727956153e-91 44.4910230845 48.8730486576 53.2373457146 1.23561454111 5.59540490071 4.12117535715 191.103715972
2782 11.6352439148 0.686504866333 5.64096943305 11.6415624543 17.7657409602 4.6859219603 7.15534498283 6.92858299128 84.7408952657
2800 5.14040404547 0.840364347377 4.77457683004 9.55953907856 17.4192361331 1.12114728337 7.825516553 3.2399340886 165.578165842
2817 2.10807132592 0.914052949352 3.43116204553 7.67447837278 14.7302770484 2.43172673965 8.19416295075 8.14684555744 191.968486691
2818 19.8323798347 0.0503874066097 12.7018186467 20.1884007252 28.2155457794 2.03530915515 7.80881300257 5.94682407614 167.417237655
2822 2.86282347925 0.976584189481 2.66454965017 5.61569147193 9.73905965555 0.0142151351234 0.248303273617 0.0412181559894 166.13464192
2832 4.19812870352 0.966606073919 2.08512302015 4.72035163254 8.85255608754 0.149187297537 7.2794927052 0.201861936149 77.5256368597
2845 17.7423043118 8.45920723403e-05 10.3178205094 17.8575708512 28.8598535432 12.5452856443 8.72444003481 7.56971445902 34.640923497
2869 21.5157635746 7.13270019687e-05 15.1256827531 21.6302374151 28.1556509986 1.51939702647 7.88332066055 4.18214386112 157.711387918
2883 54.520044752 1.61044275594e-86 47.805295141 54.4457185961 61.2576314057 3.65942031275 6.31384517635 4.87012652098 76.2648465379
2890 18.2294551086 0.227079935244 11.5694813074 18.4850920658 25.4611578937 1.72054871267 5.99153463697 4.90899296152 163.479908795
2896 13.3414046482 0.55384227403 8.10247088306 13.4530719829 18.8661160944 3.85161574361 8.4067997878 8.34996982029 124.235685818
2905 34.8451107422 1.59238667911e-23 28.5571276877 35.0176480067 41.4913470885 2.21644415119 9.88144468732 5.493161191 142.008801699
2909 18.8997833647 0.140383634171 11.2396119275 19.0420303332 26.7711624679 0.617814128586 7.45865143521 1.72519872368 159.994859279
2917 42.4303030163 1.62558935729e-42 35.9024193695 42.6450594091 49.3956293243 2.00202507586 6.06626066033 5.97686134996 171.05997125
2926 9.17810153915 0.883860510196 4.53437497002 9.16701793042 13.9192558638 0.00304221699698 0.710453033107 0.00492136295726 92.6867896721
2928 5.76741204686 0.945739907174 2.74182921273 7.77619341568 15.9580976299 0.0453002583634 0.170261051837 0.0349618188675 44.219719484
2944 11.2190774897 0.694977257703 4.99013028445 11.7453084261 21.4499155412 2.81563757312 8.38571716027 5.54290462377 112.804646027
2946 7.16306194339 0.92890766653 2.91784591953 7.84697345198 15.1836039772 2.55208398522 8.39217172894 7.88762929039 177.096534875
2971 6.44902861615 0.85592937225 5.23155915779 9.14116467831 13.6563683358 2.5270589471 7.59566580022 7.07576666111 160.441223203
2980 106.726322776 0.0 102.21863857 106.743001694 111.273257569 1.91496886522 4.64893051784 3.97454599354 118.923766694
2995 11.5870855145 0.687776190847 6.88771404334 11.5810419665 16.3212270014 0.195489557174 0.318656870418 0.318651243339 93.3931228843
3008 27.7744069384 3.45694978732e-14 22.2001983232 27.8603076117 33.5891499501 3.86558503083 9.36017845588 8.85632018285 131.293456477
3024 23.3751792617 3.11272102203e-08 18.1648820166 23.5001566712 28.7749369806 1.79920278538 5.191197421 4.07766252856 129.858876719
3032 12.5436019375 0.0809599290129 9.0935137393 12.8728032703 16.7448134884 2.02694804604 7.12522144585 5.67593741276 160.450199178
3045 5.13049627262 0.921504875835 3.54505444111 6.42314482305 10.492061943 2.00363293542 6.52956603406 4.72181900926 135.031762417
3055 2.8260664343 0.985048332743 2.25782653867 4.53790161058 8.81513636779 0.904185996598 5.88481884367 1.98957580619 126.075254469
3059 5.71718312008 0.945537809181 3.62812946109 6.88967383386 10.7011822702 2.05227834513 4.94935939798 4.57065147419 127.610876896
3060 18.717024201 0.682903935773 6.62572547684 18.8025087199 32.1915991582 3.94398545062 5.93831972514 2.17977125016 31.6726203307
3064 4.35336991323 0.964589547258 3.18450398113 5.29302291449 7.86836445138 2.80107699295 8.62199933161 8.39016035435 171.637072037
3071 80.9141622937 6.22552790951e-140 69.2998067686 80.9319318467 92.5188569246 2.84732415385 8.48285157576 4.9493585524 99.6045842932
3074 9.73143607137 0.848023928288 4.02704421924 9.85268573355 16.5856966008 2.46995100846 7.15689652772 3.99767036632 92.7416680777
3101 11.4285821013 0.673997637357 6.51402047456 11.5233966742 16.4851919065 0.0156095878162 1.1080246967 0.0120964353223 44.4005761986
3116 9.15369446603 0.725994945986 3.93527219815 13.0935246398 27.6188245159 0.0219969791657 4.15311738417 0.0302329120308 78.7480071395
3117 11.4048128038 0.814127424372 5.99317725642 12.140970261 20.9701694426 3.42944561025 5.40267138017 3.78265265378 63.206247637
3127 11.4476369532 0.518944852412 6.3274088458 12.5970223622 20.2768397065 3.17580261028 9.4023816164 7.57135633917 136.615008579
3142 2.49532792962 0.98470135034 2.41716109638 4.51820487518 7.94695372436 0.0137910268341 6.65187515742 0.0395711555375 164.401116429
3161 46.6451342176 2.70273984376e-47 39.5995508301 46.6337006739 53.6433078958 5.05685646992 9.90993788828 9.72714670376 110.247420812
3172 24.5481579329 2.69834806207e-05 19.1461367347 24.6245021621 30.0842578454 3.14735798942 5.79606188319 4.90191138911 89.2476007882
3192 23.1996037136 9.64018917321e-08 18.3808604092 23.2560344922 28.1447280831 1.82741108333 5.36657563281 5.25472122221 164.761017804
