paper/figures/group_llr_dv_tbl.ecsv
# %ECSV 0.9
# ---
# datatype:
# - {name: group_id, datatype: int32}
# - {name: dv, unit: km / s, datatype: float64}
# - {name: lnH1_no_rv, datatype: float64}
# - {name: lnH2_no_rv, datatype: float64}
# - {name: lnH1_rv, datatype: float64}
# - {name: lnH2_rv, datatype: float64}
# - {name: R_mu, datatype: float64}
# - {name: R_RV, datatype: float64}
# - {name: dv_15, unit: km / s, datatype: float64}
# - {name: dv_50, unit: km / s, datatype: float64}
# - {name: dv_85, unit: km / s, datatype: float64}
# - {name: sep_2d, unit: deg, datatype: float64}
# - {name: sep_3d, unit: pc, datatype: float64}
# - {name: chord_length, unit: pc, datatype: float64}
# - {name: d_min, unit: pc, datatype: float64}
# schema: astropy-2.0
group_id dv lnH1_no_rv lnH2_no_rv lnH1_rv lnH2_rv R_mu R_RV dv_15 dv_50 dv_85 sep_2d sep_3d chord_length d_min
[from data line 237]
3142 2.50097431628 7.95411040675 2.28051850382 0.0336199466441 -8.30550442146 5.67359190294 8.3391243681 2.40070574374 4.50760209217 7.88220398178 0.0137910268341 6.87255667905 0.0398328903377 165.48851185
3161 46.6433698302 7.67442010016 2.60317813543 -22.5817667637 -7.83181752395 5.07124196474 -14.7499492398 39.6076941521 46.628482238 53.6935375851 5.05685646992 9.93195975107 9.78470055647 110.899735824
3172 24.5543295646 5.19922862282 -0.795595639266 -13.6774019156 -11.0927277703 5.99482426208 -2.58467414533 19.1627344008 24.5659382401 30.0504991585 3.14735798942 5.78598148754 4.9136816158 89.4618977042
3192 23.2064406902 7.6438206729 1.51503249142 -10.0937430133 -7.25992833836 6.12878818148 -2.83381467491 18.4161725275 23.2826883631 28.1509510711 1.82741108333 5.43529485438 5.28952459542 165.852272497
3196 14.0971972585 4.05335719449 -1.64374654891 -8.30868753913 -15.1960767695 5.6971037434 6.88738923039 9.30596951081 14.6638150121 20.2470829884 0.394607385941 2.64509156507 0.77125533228 111.984124924
3207 4.81636085941 1.22830872144 -6.9941062792 -6.3877167538 -16.2298648734 8.22241500064 9.84214811962 3.80274558369 7.40573223678 13.0625973293 3.72902763497 6.342882822 6.28872455124 96.6420775044
3221 21.3422158062 8.99046054655 3.81089897479 -10.6207291662 -7.56767299129 5.17956157176 -3.05305617493 16.9117781214 21.3752972365 25.8000124139 2.51308809091 7.7961235521 7.04697121381 160.676451338
3224 15.6422928514 6.56222526508 0.651170542884 -5.52973038278 -10.3796389044 5.9110547222 4.8499085216 10.0988804487 15.6780004447 21.2517104565 0.0363825403157 1.92095511925 0.0597556168616 94.1040586002
3230 44.5813900745 8.10036113198 2.68841890248 -28.6827492869 -12.4860780224 5.4119422295 -16.1966712645 38.4580938646 44.6697498342 50.8436152641 0.396384531272 2.94497198978 1.06485423068 153.92067569
3231 27.9772293872 4.59870431378 -1.29374093843 -15.427824842 -12.7747630277 5.89244525221 -2.65306181422 22.7496267266 28.1992902734 33.6160577343 1.73535583675 5.45274163512 5.37553363348 177.489340235
3245 22.4799479517 6.91722414788 1.15520155531 -6.60810936048 -7.44579409688 5.76202259258 0.837684736403 16.4091484173 22.5094086253 28.6177216635 3.15011666404 7.38035214236 7.32393981146 133.227985614
3246 40.4971655367 6.23805863728 0.137651549258 -23.7475873782 -12.9985731735 6.10040708802 -10.7490142047 34.2985227795 40.6331486808 46.928028133 1.96668464763 6.61242140873 6.54947979774 190.816546892
3261 5.59489909891 7.74628204242 2.25251773208 -1.56757497072 -8.72508878765 5.49376431034 7.15751381693 4.15355131986 6.88618834616 11.4473891075 2.81780352107 9.52904695596 7.96678941744 162.008958788
3287 10.5236019953 4.55405121908 -0.991754349735 -5.63594438572 -12.200789304 5.54580556881 6.5648449183 4.97333890545 11.4980827637 21.7393942541 1.91555308129 4.81903618279 2.51654279697 75.2753855041
3289 10.3497459449 3.20385987154 -2.70591900124 -9.40564770624 -18.1562912433 5.90977887278 8.75064353706 5.08223717836 10.5662646767 18.4595819185 3.09759327196 5.27128050302 3.70456550704 68.5312116704
3292 16.4527530022 8.39554781493 2.79459136053 -5.42467578352 -8.31657498927 5.60095645441 2.89189920575 11.7496972128 16.4547822702 21.2343857038 1.00553563484 3.80081993355 2.99813790312 170.837160641
3293 37.2649386941 7.59030295862 2.63156490056 -29.9497208791 -7.12634530184 4.95873805806 -22.8233755772 32.6783895905 37.3936589487 42.1498365348 3.10955377699 8.67212970797 7.62902280032 140.587521384
3299 13.4300377503 7.7383535834 1.56409940809 -4.42166649101 -11.3161087897 6.17425417531 6.89444229871 8.49782833204 13.6399243095 18.818142925 0.019228004824 2.0437504953 0.0561969936347 167.45630143
3316 16.6141334808 5.65634066191 -0.769238526064 -7.00134641226 -13.0790103514 6.42557918797 6.07766393918 10.1320378903 16.7871435244 23.6151532474 2.44195453191 7.60734068616 5.93991032548 139.379152146
3322 10.9410005904 8.10354706132 2.82425887713 -1.54960668378 -7.3550953775 5.27928818419 5.80548869372 5.97413686025 11.2896053189 16.8245265067 0.0222391899984 0.573220330557 0.0639758285799 164.823673513
3339 45.7642632614 5.24305426605 -0.830019803041 -50.9841256768 -11.5974070056 6.07307406909 -39.3867186712 40.7103478884 45.9012831545 51.1671653901 4.1053518498 9.74476937087 5.85538418679 81.7373494263
3347 34.1514105128 3.45242652198 -1.32017464979 -11.9115690513 -11.0848100409 4.77260117176 -0.826759010422 25.9221509939 34.2403466068 42.5613746388 1.19584403921 7.07357055552 2.68873725437 128.826241591
3359 32.7684737152 -0.0540857499807 -6.4452690337 -13.0969735463 -16.5123237934 6.39118328371 3.41535024708 23.1645545083 32.822894195 42.3666750708 10.7847714256 8.13628460286 7.52048852686 40.0128112229
3360 12.479698026 7.06729387859 1.09390015427 -2.48247887063 -7.82574161721 5.97339372432 5.34326274658 7.77306883089 12.9983756129 18.5109226276 2.59714901403 9.46929273905 8.37872384067 184.859094823
3365 22.6294804859 5.54685506514 -0.927104396319 -5.0445949292 -10.0829497418 6.47395946146 5.03835481258 13.0957899331 22.6834945009 32.4949891534 1.75844256522 5.85925366422 3.47732987236 113.30716688
3366 6.49364963981 3.42064871699 -2.84724126029 -3.98514406931 -11.3695341664 6.26788997728 7.38439009705 2.28710104944 6.87753911382 13.458905748 2.95979527576 2.63892557799 2.5301343903 48.9838413556
3367 8.75387418787 7.96029040302 2.1602491954 -0.0190545889594 -6.17394648973 5.80004120762 6.15489190077 4.49140913497 9.1503252717 14.5001479482 2.1254097088 8.0961292704 6.96066380958 187.653008637
3376 33.930767051 4.73137492386 -2.0243004994 -13.7808061689 -13.0358217443 6.75567542326 -0.744984424576 26.7868601451 34.2122303807 41.6186584785 1.57048831707 6.71258038701 4.75488129221 173.476717977
3399 16.080175111 5.82519908753 -0.941200883675 -6.87543325551 -10.6961485812 6.76639997121 3.82071532571 11.4021783364 16.1902666121 20.9863755251 1.79008858156 9.98623456107 3.79113581618 121.348696857
3400 1.02261787482 8.51720460066 3.52508427059 -1.29655722266 -11.4657921857 4.99212033007 10.1692349631 1.71393211064 3.57512449908 6.80819385632 1.25088994932 9.36919367939 3.69947742334 169.454277391
3410 4.19960116724 2.65473852321 -3.14853749345 -6.94473795171 -11.9531710867 5.80327601666 5.00843313495 4.46471030274 7.72218789652 14.6143622214 4.45731034054 6.24558135141 4.27457651484 54.9607151764
3416 47.0756341362 4.11225794015 -1.95260636383 -35.4413855828 -14.7534041943 6.06486430397 -20.6879813885 41.3162509543 47.3101043534 53.2393747937 2.8455417376 6.84483986238 6.30092161336 126.88386033
3426 6.6576034429 7.37401814728 1.92062151063 -2.55428854419 -11.366472626 5.45339663665 8.81218408178 3.46046071205 8.77390960468 17.6664996202 2.60134222056 6.73863489766 6.68188417285 147.18426641
3455 19.4514962398 7.90041532403 2.50001799828 -6.52783438349 -9.11652613635 5.40039732576 2.58869175286 13.7531468441 19.508862237 25.3299331721 3.50200340861 9.85725889125 9.44010479648 154.47225547
3480 22.9211250654 7.11744384398 1.47869946154 -9.16950714904 -10.198542763 5.63874438243 1.02903561392 17.3896176422 22.9619814421 28.6167704587 2.70172284033 9.42583478918 5.88693545261 124.856555141
3518 5.98195007931 3.17729320511 -3.55275806845 -6.2056011312 -13.1848831517 6.73005127356 6.97928202046 4.84246739229 7.58252720664 11.3384366995 3.54887614232 9.92620258183 7.40890486927 119.634168258
3535 75.2900242568 4.31528259283 -1.33078649345 -72.1966403753 -15.5841150755 5.64606908629 -56.6125252998 68.7611080455 75.3200293991 81.7717864807 4.40539782343 6.54846067183 6.52581736225 84.894469485
3540 3.87004091766 8.86149272481 3.52451566709 -0.136698262298 -8.99322297633 5.33697705773 8.85652471403 1.90739826696 4.29858194834 8.19474345371 0.512355079002 5.73217574413 1.367589434 152.9356631
3555 28.8780511652 4.66316174289 -1.52803093959 -22.5335330339 -10.2706853322 6.19119268248 -12.2628477017 24.4642551323 28.8581890155 33.2485433478 3.19674521534 4.54723349365 4.28800730389 76.8646151383
3580 16.5425620509 6.55999692696 0.566921455843 -5.19754379272 -10.7668140449 5.99307547112 5.56927025222 10.8057987819 16.7648022986 22.7435994137 1.81341015305 6.14600701185 4.36455338676 137.906433325
3652 6.91327328266 4.23694586148 -2.27667645867 -3.30467067881 -10.9262999331 6.51362232015 7.62162925433 3.05874377841 7.13870744292 12.3630459102 3.10407856328 5.88421910776 4.22567291128 78.0079596144
3655 20.6344988147 7.68066507149 2.36187180517 -102.619511868 -72.4473301503 5.31879326632 -30.1721817179 18.2544875626 21.0675387188 27.7040696601 2.6182842379 6.01586025853 5.21123687514 114.047152074
3678 1.1866068702 6.10001399213 0.804927492599 -0.90532381595 -7.15467340059 5.29508649954 6.24934958464 1.92027774497 5.99231070512 12.6528225787 2.02385255024 4.85975576673 2.42624941327 68.6913079186
3687 9.30600552488 5.50499107922 -0.016553947761 -9.63845384276 -12.9885527593 5.52154502698 3.35009891653 5.8593434228 9.5766817739 16.3030084621 3.84058777883 7.67271792857 5.55435683982 82.8781452883
3697 4.69068556529 6.71731617759 1.40696034147 -2.46818596572 -11.0401260119 5.31035583612 8.57194004619 3.76506841322 6.51041398683 9.58815629715 2.03609271659 7.56828471416 5.45998511934 153.652415956
3721 3.40495099264 5.72231515045 -0.388747218453 -1.20414486605 -8.8413519005 6.1110623689 7.63720703445 2.20400344434 4.18832589592 7.72338654863 2.06307579717 3.65649143149 3.5904166226 99.7185043457
3749 14.7105480067 7.76124975847 2.00796649445 -3.36356787329 -6.21905608383 5.75328326402 2.85548821055 10.1884393477 14.905445542 19.5911083275 1.87014872084 6.02003983951 4.77425500584 146.275428487
3788 6.45384056731 6.76781067875 1.20527112681 -0.721049559175 -7.66070098555 5.56253955193 6.93965142637 2.5190577254 6.48392188696 11.1327588838 3.94798012407 8.77601342427 7.8929030659 114.569855188
3805 15.489917429 7.12758325659 2.11331473138 -4.41200708823 -6.74994725374 5.01426852522 2.3379401655 9.6658031176 15.4973987426 21.3655034769 5.27867526664 9.16692164607 9.12156676421 99.0423038029
3807 59.2181261982 5.58662428879 -0.573673949226 -45.6321566308 -15.3290465992 6.16029823802 -30.3031100316 51.8802195354 59.2978604594 66.5533383838 3.36509097969 7.53308181234 7.22457932443 123.027105779
3831 17.2081797275 3.93778571139 -2.28521408618 -7.15922621842 -11.2435896194 6.22299979757 4.08436340094 12.236477152 18.011402825 23.869874504 1.11329604239 9.19953495258 2.47259109685 127.253899754
3906 10.695646485 5.27878944697 -0.667219978037 -2.68380374084 -9.01547760935 5.94600942501 6.33167386851 4.3551251337 13.6803165333 28.2528234745 0.935197388885 1.28035077173 1.23175626667 75.4655859171
3926 1.87795517188 4.11239260365 -2.62001759899 -2.8933255309 -11.6796306198 6.73241020264 8.78630508891 2.44379042889 5.1028045972 9.25456335337 2.88930771265 6.2942113466 4.54770874544 90.1918917122
3932 9.67138404921 5.932459778 0.140722668527 -3.92803513381 -10.243238256 5.79173710947 6.31520312223 4.92542753504 9.74774686644 14.9501841974 4.54053774557 9.85208467414 7.19012524641 90.7539311932
3936 14.1779463311 5.23107745636 -1.22655893835 -5.29973396001 -11.2340087449 6.45763639471 5.93427478487 9.89419778011 14.9470890772 20.0955817286 1.81548553749 8.67495499368 5.56520255175 175.642246356
3955 30.2969537844 4.19626904464 -2.82881969599 -8.18270602117 -11.9604072319 7.02508874063 3.77770121078 20.5161216755 30.3724903135 40.3003423038 0.951403872034 3.01133080135 1.43937953942 86.6838181353
3969 22.6116265783 2.21890053922 -4.16677085347 -17.7989472203 -14.2810494254 6.38567139269 -3.51789779498 18.4125907262 22.7925966895 27.2210801868 5.91496985444 7.42596563332 7.37487229604 71.4689619521
3989 27.0788021445 3.81711970453 -4.36552113187 -9.04344715922 -14.3404577094 8.1826408364 5.29701055017 18.6829925606 27.5683227921 36.5611261568 1.99433071442 9.82270907069 5.14890231313 147.931966759
4007 33.7869216639 3.30780371614 -3.43475194636 -10.1554980341 -12.6683196366 6.74255566249 2.51282160241 23.9053918223 33.8192593678 43.8221320811 4.02354806333 8.27454308835 6.00605240157 85.5444418025
4025 20.1439865996 2.02200795755 -5.6252267421 -11.5668439816 -16.7663892071 7.64723469964 5.19954522553 13.3565188056 20.1785788052 27.1719199551 4.52314143849 8.95110288121 5.70712159606 72.3123323546
4036 90.783150777 3.03410478948 -3.70668939968 -131.277934832 -16.1282869007 6.74079418915 -115.149647932 84.7458080068 90.9629342032 97.3148683548 2.57802990809 8.81561877594 7.92771460376 176.205444975
4041 23.5424385819 6.44885209987 0.259975562874 -17.4913942047 -9.9184252208 6.18887653699 -7.57296898387 19.6221623305 23.7151132115 27.8181455646 2.80477156425 7.62939564842 7.39903772912 151.162387532
4149 10.9713179228 5.92623333237 -0.0957009047519 -2.52005882123 -9.48624658287 6.02193423712 6.96618776163 5.89474733706 12.0378566673 19.2938780028 1.55141931014 9.83962472506 4.16654564859 153.880238769
4271 18.1655905066 8.11470462985 2.7755100674 -1.89918966424 -6.13549047999 5.33919456244 4.23630081574 10.6335385605 18.2182200547 25.8250489476 1.87661959252 6.47139781385 4.26510002414 130.225195905
4283 7.60986539821 8.46631679845 3.16160188061 1.08013907624 -5.2209150636 5.30471491784 6.30105413984 2.59239507368 7.88974570209 14.7654908699 2.62432971025 9.23129815845 6.34851898362 138.616401992
4295 2.13495659897 6.89977806948 1.31054756673 -0.11967056429 -7.27256380002 5.58923050275 7.15289323573 2.06436909955 4.2458504789 8.45113128568 2.62449003676 8.29153051269 4.97436332196 108.605839045
4339 30.4517781499 9.63302429046 4.30295954873 -35.0141928555 -5.83820438405 5.33006474174 -29.1759884715 27.1601102453 30.4860479892 33.7792119163 1.85476960478 6.46290848337 5.82492999498 179.946057369
4361 3.75977232401 7.89046085937 2.56921638138 1.04595696917 -5.55869725379 5.32124447799 6.60465422296 1.97695997853 4.38474789008 8.56618657219 2.02822820905 6.30624590663 4.38998913804 124.020059505
4373 22.7258060636 1.09216160389 -3.91263979767 -12.5602287672 -12.8832326094 5.00480140156 0.323003842253 17.2038195916 22.8938120214 28.7394049159 6.1590133529 9.43898854218 9.40553773659 87.539534973
4399 21.5486631046 3.58825843156 -1.88909992963 -13.8490460001 -13.5896448433 5.47735836118 -0.25940115682 14.9087979287 21.5208162479 28.2855319498 6.02431231575 9.70040743042 4.75172500059 45.2133329376
4420 40.094670299 3.75236873822 -2.60911795801 -7.40178606015 -11.9230116452 6.36148669623 4.52122558504 19.4759298802 40.1132563534 61.1654914952 3.11925880902 6.93775392551 5.98431160707 109.935778395
4432 24.7176152313 5.95329073238 -0.209860488363 -10.4982925679 -11.6706365743 6.16315122074 1.17234400641 18.6473495315 24.798516646 31.0068063706 2.29349121945 6.18050221461 5.39121706646 134.691864292
4461 37.9520757443 7.54063137984 2.05979094915 -14.5352352121 -8.221860642 5.48084043069 -6.31337457014 30.4053908801 37.9471341713 45.450658019 2.82146118803 9.48015672619 6.04911752638 122.852629409
4524 27.3380613149 8.43918287905 2.9449196974 -7.99964704446 -7.83976632492 5.49426318165 -0.159880719536 20.7545793614 27.4089842271 34.078469337 1.56998413396 8.73235898587 5.1574225628 188.223424971
