paper/figures/group_llr_dv_tbl.ecsv
# %ECSV 0.9
# ---
# datatype:
# - {name: group_id, datatype: int32}
# - {name: dv, unit: km / s, datatype: float64}
# - {name: lnH1_no_rv, datatype: float64}
# - {name: lnH2_no_rv, datatype: float64}
# - {name: lnH1_rv, datatype: float64}
# - {name: lnH2_rv, datatype: float64}
# - {name: R_mu, datatype: float64}
# - {name: R_RV, datatype: float64}
# - {name: dv_15, unit: km / s, datatype: float64}
# - {name: dv_50, unit: km / s, datatype: float64}
# - {name: dv_85, unit: km / s, datatype: float64}
# - {name: sep_2d, unit: deg, datatype: float64}
# - {name: sep_3d, unit: pc, datatype: float64}
# - {name: chord_length, unit: pc, datatype: float64}
# - {name: d_min, unit: pc, datatype: float64}
# schema: astropy-2.0
group_id dv lnH1_no_rv lnH2_no_rv lnH1_rv lnH2_rv R_mu R_RV dv_15 dv_50 dv_85 sep_2d sep_3d chord_length d_min
[from data line 79]
1473 20.8713890483 2.90285506959 -4.27366941543 -7.43256568618 -13.7997071128 7.17652448503 6.36714142662 10.4979649782 20.9519331463 31.4225033285 1.44092103594 1.81357598505 1.28950627017 51.2763795844
1480 4.55635831056 5.78943176757 0.101248964926 -3.41021834029 -12.231740711 5.68818280264 8.8215223707 3.49978270397 7.11347904249 13.3087456662 1.71813075636 4.5518420653 3.92278273429 130.820844216
1481 14.803174412 7.32368597825 1.80544051845 -0.786932102848 -6.5295571843 5.5182454598 5.74262508146 5.4182478136 15.0203770234 26.3510924842 2.36820864492 5.31314015518 5.15615755418 124.755518353
1482 22.1022047853 6.44535799516 0.481459968317 -17.8397933462 -16.5114704489 5.96389802684 -1.32832289731 17.9979538054 22.1735329231 26.4468466809 2.65178703759 7.00009928001 6.96329733346 150.465762957
1497 28.9948488212 3.02353088001 -3.42000988485 -12.4633637612 -13.286523836 6.44354076486 0.823160074851 19.4462943767 28.9981112694 38.6428590949 4.93130286311 6.06110147903 5.40578826299 62.8281165453
1500 9.59127722699 5.86178274149 0.532446181855 -1.439747444 -7.75420906316 5.32933655963 6.31446161916 3.91281992801 10.0953120462 18.6232954539 4.48733131483 9.52807673395 8.50305550903 108.597670977
1503 16.7838980046 6.01850397741 0.105030670381 -6.87292442685 -8.78653758576 5.91347330703 1.91361315892 12.255881469 17.0562747747 21.8918096184 3.24631967978 8.77756070952 8.0230829697 141.622000265
1515 6.4950337048 0.548294468585 -4.92849726686 -7.1066524766 -14.1748281052 5.47679173545 7.06817562858 4.72902845117 7.74155465189 12.7063292964 3.16058756457 8.77799536754 3.07489168442 55.749335118
1517 15.8877380472 5.34450057503 -0.612620257364 -3.00176756268 -9.20872247785 5.95712083239 6.20695491518 5.95948461543 16.0458298539 27.4227304081 4.15164526421 9.06079937508 6.44902295792 89.0207668367
1530 18.4234750438 7.72420628889 2.09251924741 -6.23552609834 -7.81258397817 5.63168704147 1.57705787983 13.6332476233 18.5822681174 23.5467857259 0.684109898551 2.20535272927 2.16248821594 181.114444148
1534 3.08328121078 9.3392422538 4.19722669329 -1.97210728328 -12.5421051766 5.14201556051 10.5699978933 2.57781155286 5.81625497571 11.3050845507 0.52848329455 9.55728595492 1.44480285409 156.639576074
1551 58.9268492556 5.45799021813 -0.777855868547 -117.17277488 -11.9152973102 6.23584608667 -105.25747757 55.5452517669 59.3400798092 63.1058442046 2.44886085981 7.18704856765 6.67991243303 156.301213113
1578 5.05174514135 6.47656474525 0.213404985846 -1.49939055538 -9.79346496309 6.2631597594 8.2940744077 3.8079627854 7.52808903441 12.1878479901 1.21519326405 8.18837768365 3.95042137634 186.263964098
1585 21.2694026389 6.3526761479 0.840924382478 -10.249249606 -10.7037775418 5.51175176542 0.454527935784 15.9709403956 21.2828302245 26.6663378076 0.757629023049 3.37686904948 1.28777815537 97.3890763971
1609 9.34804164327 6.26369076542 0.781895658849 -1.74235763894 -7.60761399618 5.48179510657 5.86525635724 4.8473902613 9.67323198723 15.3169623214 2.09493984288 9.68584053479 4.68204264906 128.059155503
1613 37.1526698207 1.73906490917 -3.05582707946 -74.6620644758 -16.4004737447 4.79489198863 -58.2615907311 33.1130215806 37.157625142 41.2357356233 8.91934363197 8.72687932476 6.5713778481 42.2556501831
1614 7.88797343319 4.14286944259 -1.85855372946 -7.10029969247 -12.6757206148 6.00142317205 5.57542092238 5.15030540447 8.3610013443 12.8498409493 3.31952639917 7.731942399 4.62518892655 79.8429776787
1615 25.2508185254 4.67010622109 -2.71826522391 -6.81425562443 -12.0520743272 7.388371445 5.23781870276 16.5022484611 25.5720251751 34.7151436519 1.88363409897 4.6169522679 4.60751220767 140.156144198
1617 12.6627023489 7.02331444118 1.75197925548 -5.60839511956 -10.4645407261 5.2713351857 4.85614560657 7.07113688914 12.7423033203 18.6632079342 3.96843105928 9.48754265849 7.42435029187 107.213397676
1646 15.3001524228 6.66009070721 1.04894308478 -7.29658820363 -11.5098191024 5.61114762242 4.2132308988 9.27096699022 15.4079713263 22.0401270687 4.00704151387 8.84807668532 8.29479235846 118.629532697
1647 3.01085450254 3.60454748211 -4.07342760738 -3.75262969517 -13.4414708136 7.67797508949 9.68884111841 3.23694208503 6.70241109485 11.6229248837 3.25295249885 7.25980430289 7.06693686928 124.489995981
1651 11.5285063691 4.70120566422 -0.828604474206 -5.11949688721 -12.2922624042 5.52981013843 7.17276551701 6.015735095 11.6193831321 17.2983175537 2.08996656312 3.26801335444 2.76963639755 75.9329250403
1657 42.8596392047 3.93015455844 -0.825363806025 -30.908421249 -10.1424049755 4.75551836447 -20.7660162735 37.1083554701 42.8643657476 48.5890961549 7.67221356841 9.53877870172 6.47871799732 48.4189692473
1669 22.6680167996 4.66480448151 -0.952865091586 -6.77150001433 -13.6886256543 5.6176695731 6.91712563996 13.5782008137 22.9293900685 32.3948109632 4.32439072662 9.17484289052 8.26837249756 109.577357858
1673 24.2749248283 6.81131652875 1.34687585211 -15.2302589817 -8.47551541104 5.46444067664 -6.75474357067 20.0804147079 24.3834304306 28.6746646659 1.92388526658 7.01318057828 5.14739080419 153.303125361
1678 17.1623108965 4.72190723205 -0.813485844658 -7.40578630918 -13.0272881041 5.53539307671 5.62150179491 10.1989796878 17.2620163449 24.4414809288 2.94640199709 3.53300609179 3.49386647955 67.949269267
1688 21.3637582237 3.65435614629 -1.77141194086 -15.934118136 -10.7482119822 5.42576808716 -5.1859061538 17.6949944954 21.5700737805 25.6449414907 3.81051343372 9.87183696558 8.29243987342 124.710065489
1689 27.363509412 5.6015130806 -0.558137447639 -12.1305616695 -10.9547998781 6.15965052824 -1.17576179146 21.080468566 27.4142757764 33.8279041679 4.53199059048 8.40247996407 8.11012179936 102.559107039
1695 37.4483703431 5.41830857703 -1.14056965048 -9.71978891511 -11.8564447123 6.55887822751 2.13665579714 26.869907463 37.570115121 48.3876297364 2.75005499427 8.44238343025 7.76702685693 161.836973935
1709 23.1310049999 2.84367832983 -5.00676026024 -18.2053300272 -14.994171728 7.85043859007 -3.21115829913 19.2821076548 23.6260813912 27.9453267479 4.15784786742 9.96738264543 9.24596214864 127.438733537
1711 4.61622418222 6.65011563266 1.04740963974 -6.31024021628 -12.9476954739 5.60270599292 6.63745525758 4.59884560746 6.44942986597 10.4786407042 3.99720694083 7.81795458623 6.91582730859 99.1512550803
1717 6.19000718455 6.57534869101 0.420722402179 -1.67634133821 -9.56073740764 6.15462628883 7.88439606943 3.19973646673 6.69953044246 11.7677984598 3.35925694058 8.1705382524 7.94147657597 135.469919808
1735 33.2843614125 7.87370381275 2.99501177731 -23.8943432274 -6.32401277663 4.87869203544 -17.5703304508 28.6739138762 33.3188962565 37.9985100135 1.46722043725 3.86714723065 3.43582933214 134.17472508
1736 10.2310408388 7.71475851785 2.24232918444 -2.33406784588 -9.59464418208 5.47242933341 7.2605763362 4.07081222609 10.279831025 16.7706313034 0.206537129778 4.37319616127 0.365022978387 101.261634811
1737 13.0926937756 9.50417465096 4.27015274515 0.739740580571 -4.22556472495 5.23402190581 4.96530530552 6.58600615528 13.1528076321 19.7947786371 1.28669270298 7.35161828495 4.11621544435 183.296857017
1741 30.6028752517 4.69602557727 -0.666613358568 -24.4871129823 -9.94516363032 5.36263893583 -14.541949352 26.1726396921 30.6181268399 35.0713227526 3.72897202422 4.98773123281 4.97269699253 76.4191416804
1764 17.6519592538 7.09903985588 2.21511883227 -8.29368643351 -9.31452362945 4.88392102361 1.02083719594 12.070714507 17.6758156813 23.3381583149 4.39486009713 7.6347373979 7.45772428232 97.2501710495
1776 6.11757034076 2.36878578043 -3.75584294052 -5.70226741005 -13.0270757731 6.12462872095 7.32480836307 4.95720986978 10.2374006375 19.5853477568 4.50597710349 6.67784088819 6.12476652551 77.8995798386
1779 4.84416022221 4.93737719592 -1.22140887877 -3.46866022197 -12.4304744726 6.15878607469 8.96181425067 3.75773219896 6.39825457543 9.73330637307 1.77615993827 5.90814286916 4.49910505518 145.138986532
1784 4.7789698849 6.0455765224 -0.737309775145 -6.17349955474 -12.9598869432 6.78288629755 6.78638738841 98.8453781783 354.154652732 755.986560545 0.00415165614024 3.37967350971 0.00828614319788 114.354613616
1789 5.37387641775 7.77069907344 2.63177817023 0.788840788223 -5.60919167893 5.13892090321 6.39803246715 3.10936688599 6.31775151706 10.831581926 2.87795435966 8.85864978003 8.82533440723 175.717719118
1790 3.36303686462 2.71616742987 -2.20863975422 -4.32617858398 -12.6462910347 4.92480718409 8.32011245076 2.34703579444 6.39867063045 13.2529302634 8.66585698039 8.61111502122 8.60893575019 56.9737248088
1820 6.51948131206 6.61749220111 0.677618021403 -3.07683890627 -11.0209448996 5.93987417971 7.94410599338 3.34480474909 6.84734172195 11.9374757926 1.05074123752 7.17782226153 2.13731470727 116.547084951
1821 11.1579390284 4.68265800499 -1.04141220133 -10.4195633537 -13.5690924852 5.72407020633 3.14952913149 6.854184264 11.2182860989 16.326129578 5.2679240923 6.24442276622 6.05614262397 65.8919255952
1838 7.83048338894 4.35001559527 -1.65533586124 -5.18785741367 -12.8525683633 6.00535145651 7.66471094959 4.91111781168 8.54272298703 13.026445197 3.31091255073 7.27342188251 6.57765294444 113.842992983
1852 38.7569890146 7.73782159144 1.95776451516 -34.3847773457 -13.6108537057 5.78005707628 -20.77392364 34.002912974 38.8086560275 43.5818181661 0.260600438458 4.42393272541 0.536116557179 117.871031656
1885 21.9244815174 7.17277678701 1.12766833819 -5.53164384523 -7.71928379688 6.04510844882 2.18763995165 15.9237247917 22.3344832112 28.8421518533 2.1702085315 9.08068360827 7.24813350305 191.36975983
1891 65.8552653773 8.02798280697 2.68870007852 -70.0657594439 -8.1071918616 5.33928272845 -61.9585675823 60.3545126663 65.8740043275 71.4019442712 1.02586396359 8.42878621454 2.2006799488 122.912356658
1893 16.4271040361 5.76348957928 -0.624660102091 -9.49842988822 -10.3990142933 6.38814968137 0.900584405121 13.211570875 17.0565475346 20.9458062029 2.09426364991 9.5738147827 5.69331246984 155.768800062
1942 7.6212605839 7.85936371425 2.17368299897 -2.23065328902 -11.0074940843 5.68568071528 8.77684079529 2.96425350835 7.78759366242 13.9084233759 0.980468898434 5.81151819793 2.1178517972 123.762671505
1955 35.779290429 -0.879215263154 -6.41477640114 -11.6899395773 -16.8224693295 5.53556113798 5.13252975218 14.8660127143 47.8763345032 99.2615332174 9.83496425758 5.49692366889 3.13704802312 18.2980295225
1958 35.0068434099 8.35167189032 2.67005324713 -18.6613211788 -11.2685452633 5.68161864319 -7.39277591553 29.1504390767 35.0435684404 40.9521041372 1.80326213666 5.74339881293 5.55538889437 176.520910728
1972 12.6036776008 5.653161271 -0.439577456843 -4.33575734277 -9.56618970127 6.09273872784 5.2304323585 7.0275170695 12.7662701522 18.8761046382 2.87809156364 6.6607898905 6.14932617152 122.430949166
1992 10.7153935017 1.32501785907 -4.51835572133 -7.06867307575 -13.3321856971 5.8433735804 6.26351262131 4.92774236106 13.6160934733 27.5349579278 7.15297990955 6.12592361411 6.02168292645 48.2653635626
2016 4.71093885573 7.32474420179 2.26932053121 -2.07589426967 -9.31223656138 5.05542367058 7.23634229171 2.79708959145 5.10933018039 9.37096153385 4.28547239249 9.86034343439 7.4656299538 99.8370244497
2044 19.0304559324 7.49671601318 1.99205739996 -0.984561260052 -7.25830292333 5.50465861321 6.27374166328 6.18422750512 19.7795532688 38.1307572678 3.39980584141 9.50805872671 8.77789902615 147.952672211
2046 4.90169961928 3.15518694905 -4.29242300796 -6.45314814224 -18.5808736822 7.44760995701 12.12772554 4.25369690413 8.01630746733 12.6494335203 2.430920414 7.71710483292 6.9445261674 163.691860465
2086 148.070799632 7.44943226513 1.90801146236 -250.538610325 -13.7498776206 5.54142080277 -236.788732704 141.28144486 148.067648827 154.82498523 2.09884800597 7.43714163878 5.48591611194 149.766640576
2090 4.16679994369 8.28240549605 2.83484812421 -2.16044745116 -9.54635575575 5.44755737184 7.38590830459 3.70768222993 5.79892573351 9.76912179329 3.4338247755 9.32818766186 8.90554618135 148.617537239
2093 66.3300138008 9.13691118329 3.77575149222 -59.4078898163 -8.54765033071 5.36115969107 -50.8602394856 60.1311128748 66.3573068956 72.4885589257 1.68890564105 7.01091065242 4.22883786938 143.467656499
2099 10.4326983842 7.76080945497 2.26064678753 -0.731793429322 -6.98508027162 5.50016266743 6.2532868423 4.03484690699 10.8978002733 19.8364655375 0.811374559908 9.87660192902 2.02272309299 142.837193157
2112 11.2450829197 4.91278372327 -1.29529007366 -5.48994500863 -12.4337234611 6.20807379692 6.94377845244 7.16554855693 11.6940586599 16.4132713087 3.07711083306 9.29928247045 6.81631809579 126.935043758
2113 28.3413196423 3.71366519677 -2.70197671726 -15.8521738158 -12.2700467967 6.41564191403 -3.58212701909 22.6317694347 28.4121463203 34.1769245398 3.16692285213 5.27547199815 4.080435782 73.8323992913
2135 57.0140011948 6.66613499506 0.836719358047 -109.067945804 -14.2903067345 5.82941563702 -94.77763907 53.2561699592 57.0101542963 60.7803990679 1.53093295199 4.30371180704 3.13409795735 117.298361928
2144 7.09630098727 3.4121320314 -2.84407785591 -4.38388625894 -12.1121595227 6.25620988731 7.72827326378 2.91256440589 7.24717411026 13.2953023656 5.52406887535 7.09276646956 5.77852898102 59.9582659419
2156 29.4361100273 2.17680959864 -4.10849610595 -12.0795645808 -13.8910183134 6.28530570459 1.81145373254 21.8611870193 29.8884184168 37.8620340773 4.92822678544 6.60682014681 6.24265355854 72.599740418
2181 19.4285570008 9.90557082006 4.8685056866 -9.45405471802 -8.41322010901 5.03706513347 -1.040834609 15.2946331356 19.4855398396 23.6071538646 1.94481012496 7.33662411122 6.56246451497 193.34513232
2186 7.02666794768 7.38518506672 1.46092662498 -0.204271289905 -7.30677298427 5.92425844174 7.10250169436 4.11277324394 8.097488159 13.026509235 1.36907573629 5.25104319868 4.65304094306 194.734260085
2200 22.2895107654 3.92210734774 -1.61762992634 -10.8162341965 -11.9007356669 5.53973727408 1.08450147047 15.9004038296 22.5072597055 29.2296307793 3.59503181229 9.13895613184 5.52762293066 88.1108819331
2202 1.27260413424 8.60967550331 3.08283389791 2.21964578542 -4.68089214597 5.52684160541 6.90053793139 1.34789143075 3.35833179451 6.92310708434 0.488170364807 7.60654355433 1.14473280237 134.355875247
2209 41.6460847162 6.97937940952 0.719257780011 -24.3052989181 -8.64497855747 6.26012162951 -15.6603203607 35.6803540467 41.6946038917 47.7584847421 2.694444472 8.10246791436 8.06706788778 171.557269712
2217 9.40730268805 3.33406469028 -3.62248617695 -4.46551254494 -12.9872747577 6.95655086723 8.52176221273 4.5174240367 10.5933935962 20.0738244638 2.52964541652 7.18243162689 4.96193353084 112.395571197
2224 10.4511228438 0.395928598661 -6.21123558254 -15.8518283895 -16.6297017035 6.6071641812 0.777873314002 8.73290396618 13.3894246805 23.9897269113 9.6378856547 9.50500082531 8.83670338855 52.5948579778
2248 8.64977530395 8.59890654002 3.33146664227 -1.01424907287 -7.61703867275 5.26743989775 6.60278959988 3.62742069899 8.81673297955 15.1479754688 1.41382174551 3.96989269236 3.81224890252 154.49706795
2260 93.8335604755 7.06834213194 2.07466792612 -355.42061967 -12.8423063701 4.99367420583 -342.5783133 90.4223060562 93.831179707 97.2268798275 5.24158829706 9.34867517181 8.66566021501 94.7573349175
2273 15.8861518334 6.81082766852 1.41677889539 -4.83871643293 -6.91927465431 5.39404877313 2.08055822138 10.9173922446 15.8868247768 20.8010479262 1.47537989172 6.11130127357 2.18366843271 84.8042206013
2275 15.4864886013 8.23037146353 2.78396562665 -2.01158720562 -5.59233041738 5.44640583688 3.58074321176 9.71032891472 15.5267732798 21.3376989706 1.5422399681 8.464921965 3.34962031394 124.445549901
2281 2.60848960749 8.00083751648 2.03201742248 0.0368649503771 -8.27572497046 5.968820094 8.31258992084 2.36771117081 5.13450725854 9.49483737739 0.00450530069559 3.56443242916 0.0140537872863 178.727847993
