paper/figures/group_llr_dv_tbl.ecsv
# %ECSV 0.9
# ---
# datatype:
# - {name: group_id, datatype: int32}
# - {name: dv, unit: km / s, datatype: float64}
# - {name: lnH1_no_rv, datatype: float64}
# - {name: lnH2_no_rv, datatype: float64}
# - {name: lnH1_rv, datatype: float64}
# - {name: lnH2_rv, datatype: float64}
# - {name: R_mu, datatype: float64}
# - {name: R_RV, datatype: float64}
# - {name: dv_15, unit: km / s, datatype: float64}
# - {name: dv_50, unit: km / s, datatype: float64}
# - {name: dv_85, unit: km / s, datatype: float64}
# - {name: sep_2d, unit: deg, datatype: float64}
# - {name: sep_3d, unit: pc, datatype: float64}
# - {name: chord_length, unit: pc, datatype: float64}
# - {name: d_min, unit: pc, datatype: float64}
# schema: astropy-2.0
group_id dv lnH1_no_rv lnH2_no_rv lnH1_rv lnH2_rv R_mu R_RV dv_15 dv_50 dv_85 sep_2d sep_3d chord_length d_min
[from data line 158]
2287 6.84454310105 5.16003311661 -0.413001997562 -3.01956330515 -10.3492202974 5.57303511417 7.32965699223 4.20997921366 8.3754891815 13.6660244071 2.24296857156 9.97654231913 5.20182419477 132.887106867
2289 12.4903571073 8.3028433351 2.69825550472 -4.05784122661 -9.89436102411 5.60458783038 5.8365197975 7.36049351884 12.4791289572 17.769491235 2.83899700149 8.67710894846 7.84273933106 158.295988129
2297 9.45171339306 8.00735332479 2.44821737505 -2.50094792521 -10.360049489 5.55913594975 7.8591015638 4.68456243598 9.59460784661 14.7743015901 0.217972179089 5.63373665826 0.533546356097 140.24713127
2308 22.1800063784 5.18970049944 -1.50288392271 -13.0112010029 -10.7368232305 6.69258442215 -2.27437777238 18.1408932597 22.7348971037 27.2968831661 2.71168386244 9.18396871523 8.28450907746 175.061597589
2318 23.9256803483 5.75974398443 -0.292239121635 -13.406708508 -10.7461936643 6.05198310606 -2.66051484372 19.3262733122 24.1540702054 28.9738359088 3.10101897066 8.08209495823 7.38688331834 136.49993894
2324 15.3142959585 8.59074423874 3.34577341449 -3.07791152286 -10.2273350961 5.24497082425 7.14942357321 7.71295461393 15.3767730059 23.1733298689 1.65590529188 8.77927628454 4.1126492623 142.30623427
2342 39.2941932549 6.47835408961 0.758046262742 -13.127146862 -9.43106499082 5.72030782687 -3.69608187117 31.1567847862 39.4770459874 47.6934321689 1.81661467258 5.36058316491 4.53410043816 143.010900764
2350 39.6031925141 8.65314782511 3.50181772462 -53.3401493417 -5.95483981354 5.1513301005 -47.3853095282 36.0148386365 39.6389109577 43.2207631288 1.93613766569 8.5871829004 4.43365727729 131.210678458
2362 9.3040851959 2.95081403344 -2.70409651553 -6.65132798351 -13.3615006437 5.65491054897 6.71017266023 4.84634148861 9.48939650216 15.4860068224 7.61386884774 8.72979185126 8.51832769312 64.1491905422
2378 2.22542584282 7.76021652973 2.2997847795 0.828143342347 -7.28843795875 5.46043175023 8.1165813011 2.38987537257 4.44425632471 7.2657025478 1.44394877877 5.27968975222 4.90438313878 194.610706064
2381 49.7490263928 4.25514690083 -1.73940000717 -15.6610849877 -12.0777735213 5.994546908 -3.58331146644 39.6779377308 49.8688490841 60.1576281324 2.75100916992 6.70402680351 4.60898370205 96.0013818793
2396 95.4193159534 3.45867617954 -2.73429796689 -243.465965172 -16.829081931 6.19297414644 -226.636883241 91.1990910513 95.5770808382 99.8727419522 1.51712978368 7.99438410255 5.061705328 191.165467955
2402 0.858719262952 8.12432346455 2.24952125363 0.980515870214 -6.074857683 5.87480221092 7.05537355321 2.2248108173 5.67899083819 11.6500305048 0.0541807596532 2.63520905971 0.145904508264 154.293016569
2412 11.9071814216 6.33177815394 0.881826583249 -1.58527116007 -7.1630167622 5.44995157069 5.57774560213 4.2320358646 12.0775208598 21.0999943468 0.0390521409528 0.0589363016963 0.053776588031 78.8989160455
2425 28.8677458318 8.5547099184 3.49983843848 -27.7400517763 -13.2390935638 5.05487147992 -14.5009582125 24.9467905121 28.8506349404 32.7991301996 1.37314849158 6.38594796496 3.20417246204 133.699999433
2432 1.55882418425 5.01445977495 -1.37849115745 -1.96791358517 -11.051664888 6.3929509324 9.08375130283 2.29543550043 4.5647974637 8.25263699351 1.93548294423 4.7474495465 4.3094097384 127.576805149
2436 60.7957437978 5.07312812152 -1.12643395142 -16.2413319824 -10.9656467289 6.19956207294 -5.27568525349 48.7251503609 60.9022626485 72.9638783196 2.33070372545 6.20217994848 5.13105145134 126.145532812
2457 36.5506567001 8.64164632455 3.398838507 -28.6550092033 -7.23870410284 5.24280781755 -21.4163051005 31.9115729219 36.5616088912 41.1860870862 2.21834811063 5.4161666262 5.24273037411 135.418370594
2462 26.7010962851 6.90975193042 1.14685775159 -16.7620553954 -9.08838976251 5.76289417883 -7.67366563294 22.2731204636 26.9401512621 31.6037443689 1.9151539446 5.70628573905 5.52428623117 165.278108439
2467 29.832462685 3.99186320531 -1.5602806922 -16.0296923665 -13.0665622253 5.55214389751 -2.9631301412 23.5818998452 29.8407910897 36.0198533126 4.89999811374 7.90424382666 6.98804222145 81.7362289034
2476 3.74531783264 9.53437555134 4.55034944166 1.81079535679 -4.16548111402 4.98402610968 5.97627647081 2.79785430877 6.77278575462 13.8008057912 1.09122189028 3.81998148148 3.68299150744 193.382354731
2479 32.6749158393 6.98215306953 1.76631050829 -15.8782213369 -7.18365858335 5.21584256124 -8.69456275359 27.0981254365 32.7727185187 38.4815971225 1.21569273551 7.97662142517 3.38094932577 159.347633848
2485 99.6816192418 7.20491300776 1.59990973813 -187.603397307 -12.9217265798 5.60500326962 -174.681670727 94.5951265091 99.7043301966 104.882520342 2.19686709116 6.75057223396 6.61754190247 172.600541047
2495 36.4150374687 -5.4295687085 -11.3487212323 -41.4231884309 -22.2726551152 5.91915252378 -19.1505333157 28.9199751349 36.434046768 44.2067785954 3.77475704129 8.8915921028 2.13454303582 32.4053778208
2499 13.9185318568 4.89435388176 -0.908362697701 -3.42338594252 -10.0626383284 5.80271657946 6.63925238583 6.0733467046 20.8480938038 43.9968399867 3.08556272609 5.76884927491 4.76736404588 88.5358276001
2503 12.297490758 3.25918384369 -1.8896610655 -13.1297754193 -13.8987967083 5.14884490919 0.769021289071 7.25523995117 12.3459072655 20.0578634127 3.75296887907 6.62929336669 3.50800842945 53.5655956894
2509 23.4330952966 2.17693930037 -6.18003237585 -14.928859641 -15.4641992051 8.35697167622 0.535339564075 18.5758997482 23.7150658239 28.8854893837 1.77645877461 3.78729141139 3.29726950284 106.350452071
2553 1.8925746462 7.91730078105 2.31738677036 -0.364407092809 -8.8457001437 5.59991401069 8.48129305089 2.38555223581 4.77165776201 8.28751388747 1.46085573304 4.08422877185 4.01849815917 157.612566364
2561 3.85229706937 6.57800011519 1.05229320643 -2.20903600807 -11.3013781893 5.52570690876 9.09234218127 1.76398311153 4.48651377079 8.94936072615 1.97995162277 3.71807543364 3.47545683972 100.577668099
2563 18.5308859764 5.95618090426 -0.0776037242171 -7.65787844308 -9.4968963383 6.03378462848 1.83901789521 13.9011605925 18.7474851605 23.6609264341 2.07128361829 5.99952636819 5.45558802748 150.920515034
2575 9.63697452859 4.50818310641 -2.10603961878 -5.31478232643 -11.8841534092 6.61422272519 6.56937108274 6.72101016937 10.4837991723 14.410182857 2.18465067773 5.00800106714 4.33090819171 113.591520944
2611 8.02582418755 5.52420593091 -0.758320831358 -3.97787436253 -10.9988482794 6.28252676226 7.02097391689 5.04084719677 8.56739073895 12.2445355396 1.19107430687 2.41742949556 2.19046054223 105.372438489
2629 28.6378675086 9.15755046883 4.0268591925 -6.52896509194 -4.40064622921 5.13069127633 -2.12831886273 21.854033706 28.6295629119 35.4057842076 2.45077098362 9.60834567605 7.10126255094 166.030769617
2633 2.84121129405 1.68554740012 -3.61188545308 -4.63812126098 -13.2343583476 5.2974328532 8.59623708662 2.12897526985 4.91565268028 9.73353789187 7.53426434365 8.76357639939 6.34514153035 48.28764668
2643 7.81084628954 4.38019274579 -1.63525901028 -5.01727028664 -11.4263247736 6.01545175607 6.40905448692 4.408042026 8.129186492 12.6546337962 3.16925891437 5.46114576572 4.45817136158 80.607794193
2647 12.5198424495 8.6706251038 3.32340577368 -4.01228399283 -4.77022283163 5.34721933012 0.757938838806 9.42613082054 12.6299889346 15.8658481074 1.42119796912 6.46833041055 3.95510753863 159.454758551
2664 37.6367442339 8.00056617589 2.34995370909 -10.4055945419 -6.85061093838 5.65061246679 -3.55498360349 29.7258377636 37.7271282077 45.7099331132 1.71881859149 6.65945756852 4.87226286866 162.420029982
2683 1.26085964479 3.0495623044 -3.27146806356 -3.69711178033 -11.7694652145 6.32103036796 8.07235343421 1.72759822215 4.27270183613 8.78106860535 3.13386178482 6.65860765899 2.53415004328 46.3371433812
2684 3.45839836405 7.46684020158 2.08274163546 -0.751644687449 -6.89456726286 5.38409856612 6.14292257541 4.188890859 7.84782816108 14.8792624171 3.02342080016 8.65424742625 7.98980078702 151.429460744
2708 12.2484164505 5.77033532203 0.392358748786 -3.07735180286 -7.84450852485 5.37797657324 4.76715672199 6.54552101589 12.2701298732 18.1116125287 4.84480246567 6.5035355543 6.50096789493 76.9048927262
2740 14.7003699943 3.86447886069 -1.82719828431 -5.55126909857 -10.426011477 5.691677145 4.87474237844 5.74579123791 14.9507203686 26.5212125669 6.67309333977 8.84122435034 8.58970163743 73.7936514048
2747 49.120599907 3.88677040251 -2.73872796497 -21.560101458 -14.1319200831 6.62549836748 -7.42818137484 40.5171440769 49.1160899224 57.7664453288 1.34683224206 7.75525769155 2.32419062967 98.8759963589
2776 29.4174606275 7.40198845565 2.14245180993 -15.8228633686 -6.33003201505 5.25953664572 -9.49283135357 24.4622773539 29.4742764081 34.4307392561 4.15075138141 9.17480491683 8.0905254068 111.703713303
2781 48.6497321117 5.14736077129 -2.0404518342 -63.2306816631 -14.2001632701 7.18781260549 -49.0305183931 44.572531623 48.9283358911 53.3266944427 1.23561454111 5.69693507213 4.1558135177 192.709927943
2782 11.637150569 6.74045273314 1.59001685445 -1.99885028628 -7.16197012847 5.15043587869 5.16311984219 5.61983640452 11.6587994598 17.7959715257 4.6859219603 7.14579862095 6.94994624131 85.0021811499
2800 5.15084151839 5.906805708 -0.0700219888849 -3.85878525244 -12.9222942938 5.97682769689 9.06350904133 4.7782852803 9.55289885967 17.5071866403 1.12114728337 9.58958026403 3.26555097249 166.887327242
2817 2.12197916308 7.10740705984 0.712524117657 -1.2270570254 -9.71540664337 6.39488294218 8.48834961797 3.47630331051 7.7569205472 14.7178109554 2.43172673965 8.34926144588 8.22000910112 193.69247847
2818 19.7419658085 4.77074477677 -0.93524017408 -5.60894443297 -10.7461394454 5.70598495085 5.13719501246 12.6969101659 20.1837149379 28.2457112571 2.03530915515 8.44102326144 5.99175384155 168.682117382
2822 2.90386356904 6.92203962918 0.395819545481 -0.685692594732 -9.23844850696 6.5262200837 8.55275591222 2.66304420362 5.60457474492 9.73693311476 0.0142151351234 0.591717842969 0.0415525901165 167.482618135
2832 4.24671106176 5.65219447945 -0.0077829288731 -1.6794084477 -9.06445483336 5.65997740832 7.38504638566 2.07972369443 4.67291683756 8.80696219688 0.149187297537 7.86096417687 0.202182069608 77.6485850032
2845 17.7462775418 1.68881505068 -2.86981555933 -19.9011970307 -11.9274646758 4.55863061 -7.9737323549 10.3239423103 17.9122345775 28.9878161773 12.5452856443 8.73136953268 7.572203578 34.6523143335
2869 21.5308588517 8.27910224161 3.17542716618 -6.24449815155 -8.73453341114 5.10367507544 2.49003525959 15.1102524773 21.6077079099 28.1643014482 1.51939702647 9.9002312082 4.21631622442 159.00005015
2883 54.5212437798 6.01203794015 0.828746085246 -37.872768688 -10.6708497697 5.1832918549 -27.2019189183 47.7967171187 54.520013359 61.2357762335 3.65942031275 6.36899689004 4.87649111991 76.3645144127
2890 18.2046106958 6.79382037617 0.79275244518 -3.71085784143 -7.89041085538 6.00106793099 4.17955301394 11.6562831551 18.5170940898 25.5331587196 1.72054871267 5.23764612384 5.00740210224 166.757142532
2896 13.3450823583 6.76534536026 0.922791023109 -2.58598698812 -7.38909794192 5.84255433715 4.8031109538 8.02801268347 13.4546304895 18.8329426601 3.85161574361 8.46180933453 8.38505123224 124.757647378
2905 34.8365190574 6.23422975163 -0.176934106788 -17.2811761754 -12.5149372473 6.41116385842 -4.76623892811 28.5054104822 35.0173979682 41.5207742652 2.21644415119 9.9155582179 5.52415193591 142.809972171
2909 18.9005089734 8.60415712953 3.20570700962 -3.22915508029 -8.36860120377 5.39845011991 5.13944612348 11.2454945557 18.9537314521 26.6517387621 0.617814128586 7.39252451776 1.73639196263 161.032919802
2917 42.4283099223 6.64788758574 0.887875205989 -22.9815805593 -12.3737089471 5.76001237975 -10.6078716122 35.8617404627 42.6154282781 49.4058951186 2.00202507586 6.33118056483 6.04524570154 173.017156557
2926 9.17807777947 7.35812723623 1.73622976314 -1.9667079494 -7.81878478561 5.62189747308 5.85207683621 4.57679840841 9.19969006652 13.8532386039 0.00304221699699 0.728161659251 0.00493408013668 92.9262994468
2928 5.76496253028 0.695684745373 -7.92777742075 -7.93221826318 -18.419764856 8.62346216613 10.4875465928 2.72806491711 7.74352011263 15.9668487103 0.0453002583634 0.155726118066 0.0349914372732 44.2571808529
2944 11.2113422681 6.33716625734 0.544353240512 -5.08336969761 -13.3464866539 5.79281301683 8.26311695632 5.03320615727 11.7558889727 21.3543425658 2.81563757312 8.38910802023 5.5641517215 113.237049523
2946 7.17006259046 8.51801946825 3.00922814178 -0.100113582784 -7.40082717095 5.50879132647 7.30071358816 2.95097817596 7.83786259137 15.1476018355 2.55208398522 8.49710148107 7.94644852172 178.417170223
2971 6.23924964145 4.17685311196 -2.90229467645 -3.73782737644 -12.0110334786 7.07914778841 8.27320610213 5.22633747009 9.18983928236 13.6772932532 2.5270589471 7.39355509938 7.24936017177 164.377412244
2980 106.728382892 5.18505448692 -1.44251744785 -275.581045919 -14.7568027575 6.62757193478 -260.824243161 102.234407843 106.716394966 111.304345831 1.91496886522 4.75334709639 3.98737973347 119.30776947
2995 11.5871361632 7.30747017148 1.76774351774 -6.24170597642 -14.2403841931 5.53972665374 7.99867821668 6.89498334681 11.6331307632 16.3221719421 0.195489557174 0.319345225731 0.319217731363 93.5591542016
3008 27.7743528354 7.17042057248 1.67259648263 -16.7675511794 -13.2420237499 5.49782408985 -3.52552742953 22.1679356523 27.9078384873 33.6159843738 3.86558503083 9.37627412738 8.90030444067 131.945515698
3024 23.3720848899 6.32311976858 0.208534243128 -10.2732428813 -9.34089909268 6.11458552545 -0.932343788662 18.2455577065 23.4663405667 28.7384400328 1.79920278538 5.09159904501 4.11275779263 130.976534578
3032 12.5573061681 6.41572297823 0.0421492686058 -6.36489871594 -11.0092982095 6.37357370962 4.64439949355 9.04408549612 12.8785054981 16.7629523545 2.02694804604 7.40248009228 5.70812353514 161.360052365
3045 5.13194694289 5.81365545238 -0.0795007247672 -2.88181013864 -10.5253004453 5.89315617715 7.64349030665 3.57779384574 6.42420368883 10.4817729214 2.00363293542 6.96689913031 4.78226274814 136.760296393
3055 2.8268036978 8.3470978737 3.17691513741 -3.19480386653 -13.3879353376 5.17018273629 10.193131471 2.26588714153 4.52848152467 8.84243382761 0.904185996598 5.86932524369 1.99742086422 126.572379376
3059 5.70648809805 6.06564812758 0.127627543951 -2.43168941073 -10.6199380597 5.93802058363 8.18824864895 3.64051216799 6.91150912008 10.7004675224 2.05227834513 4.9577068592 4.62882408482 129.235034392
3060 18.7176256194 2.02642629824 -3.5449291055 -6.26927725174 -12.895488746 5.57135540374 6.62621149422 6.64349905977 18.729144084 32.1043883601 3.94398545062 5.93810510281 2.18071940686 31.6863972842
3064 4.32432199804 7.41054261327 1.67138914736 -1.40619626983 -9.43009966202 5.73915346591 8.02390339219 3.161431692 5.28367143396 7.88637848851 2.80107699295 8.66716685702 8.51304359231 174.150888016
3071 80.9184428805 5.73856823306 -0.548674463931 -28.4814270814 -11.2351817505 6.28724269699 -17.246245331 69.3221447298 80.9506537751 92.7022209987 2.84732415385 8.53690400405 4.96066487557 99.8321211763
3074 9.73487299976 5.37285265474 -0.523097390049 -2.503521272 -9.0698538778 5.89595004479 6.5663326058 4.06008714218 9.8728207606 16.6344928907 2.46995100846 7.19482404392 4.00683219263 92.9542126291
3101 11.4268366876 1.53027711178 -6.3705493515 -8.70625714274 -16.719488306 7.90082646328 8.0132311633 6.53602883413 11.4712310711 16.4491571071 0.0156095878162 1.0898427138 0.0121083551447 44.4443285085
3116 9.15126026112 6.53071192843 0.992991447772 -1.50684702012 -7.55653793853 5.53772048066 6.0496909184 3.92169762754 13.2112496167 27.6525580062 0.0219969791657 3.93574992487 0.0303703629853 79.106027192
3117 11.3278643049 2.88728163014 -2.92846614914 -9.28938267367 -16.8480728368 5.81574777928 7.5586901631 5.99762731015 12.1523936867 20.9407120423 3.42944561025 6.30226482745 3.78627291255 63.2667403636
