paper/figures/group_prob_dv.ecsv
# %ECSV 0.9
# ---
# datatype:
# - {name: group_id, datatype: int32}
# - {name: dv, unit: km / s, datatype: float64}
# - {name: prob, datatype: float64}
# - {name: dv_15, unit: km / s, datatype: float64}
# - {name: dv_50, unit: km / s, datatype: float64}
# - {name: dv_85, unit: km / s, datatype: float64}
# - {name: sep_2d, unit: deg, datatype: float64}
# - {name: sep_3d, unit: pc, datatype: float64}
# - {name: chord_length, unit: pc, datatype: float64}
# - {name: d_min, unit: pc, datatype: float64}
# schema: astropy-2.0
group_id dv prob dv_15 dv_50 dv_85 sep_2d sep_3d chord_length d_min
[from data line 242]
3207 4.75278039337 0.855246865735 3.77729531942 7.41085657311 13.0327726065 3.72902763497 6.31217067805 6.2753484069 96.4365193874
3221 21.3417888465 3.19790985108e-09 16.9096057143 21.3957873405 25.8790788059 2.51308809091 7.58098226853 7.01237509095 159.887632697
3224 15.6406796077 0.209773858163 10.1384590147 15.6686152163 21.2904109815 0.0363825403157 1.72445732862 0.0595837550526 93.833407997
3230 44.5813824345 6.03716750295e-50 38.4733730597 44.6657732249 50.8799166356 0.396384531272 2.88886628151 1.05954759398 153.153621306
3231 27.8576425581 5.80365149464e-14 22.7555573693 28.2190945314 33.6690614764 1.73535583675 5.59387883245 5.31121284773 175.365596882
3245 22.4862718214 0.000536489242517 16.4999881097 22.5618276001 28.6612362813 3.15011666404 7.36494653134 7.27129224608 132.270286716
3246 40.4780868011 5.05035925907e-44 34.2857332388 40.6401309209 46.9500865161 1.96668464763 6.63364048926 6.46909068778 188.474441436
3261 5.63025580678 0.930436363326 4.161633329 6.88962118111 11.4843609269 2.81780352107 9.71040902233 7.88982900671 160.443927336
3287 10.4353525807 0.867145496395 4.9884557332 11.4859283919 21.8137687934 1.91555308129 5.48357004429 2.48496733668 74.3308933428
3289 10.3611885499 0.674180262964 5.05475192916 10.6418054028 18.5175872931 3.09759327196 5.32035413589 3.69544315475 68.3624561565
3292 16.4544493583 0.0368242124603 11.7930965729 16.4851537418 21.2116306272 1.00553563484 3.59489567846 2.97817861759 169.699858829
3293 37.3538829749 2.64894492249e-27 32.6556426158 37.4197269936 42.1843515465 3.10955377699 11.4912395615 7.24465311229 133.504362354
3299 13.4297875586 0.429035996671 8.52677672762 13.6111659172 18.7950764986 0.019228004824 2.02142366813 0.0557643493912 166.167104265
3316 16.6149104008 0.191137439829 10.1311003266 16.7973486837 23.5662720982 2.44195453191 7.5338969486 5.91714847079 138.845048458
3322 10.9409030214 0.728651183184 6.00397864196 11.2860837647 16.829775633 0.0222391899984 0.375057142129 0.0635902974973 163.830413235
3339 45.7684428038 2.04785301311e-59 40.6587410908 45.8504008225 51.1354263359 4.1053518498 9.72340470646 5.84038298427 81.5279424099
3347 33.9596310623 7.0423636976e-09 25.9900184857 34.2513684235 42.6372315815 1.19584403921 5.27366237568 2.67698666633 128.263232285
3359 32.7463743203 0.00207913238023 23.3046965563 32.8835678794 42.403085002 10.7847714256 8.1256468876 7.49734170967 39.889658422
3360 12.4796851785 0.518811671703 7.74202465446 13.0315141318 18.4648830705 2.59714901403 8.77321961313 8.30182762615 183.162539967
3365 22.6299929857 0.127716088396 13.0741127176 22.7295672652 32.4899642831 1.75844256522 5.97536681765 3.45700974873 112.645045159
3366 6.49294467184 0.966251620943 2.28498628375 6.86452188652 13.3950101505 2.95979527576 2.63910681454 2.52771005775 48.9369058561
3367 8.74098061492 0.835137544058 4.48250400318 9.14480346972 14.5848515299 2.1254097088 8.05050778614 6.90359044021 186.114363794
3376 33.8582391539 7.87351511175e-20 26.8100919406 34.2206498825 41.6639103146 1.57048831707 7.55050038863 4.68302101475 170.854973223
3399 16.0854144892 0.0880092507869 11.4805248754 16.2216900169 20.9757555707 1.79008858156 9.74457224936 3.77799266319 120.928003807
3400 1.00062847245 0.987847523089 1.70619610027 3.57795294318 6.81135778063 1.25088994932 8.85948894386 3.6791427491 168.522849209
3410 4.19929631131 0.690370836933 4.45890672168 7.67601340234 14.6270723151 4.45731034054 6.24045491247 4.27197449559 54.9272595023
3416 47.0619373216 2.57556707927e-74 41.3815616732 47.2723934793 53.2572823319 2.8455417376 7.72563862114 6.17768539524 124.402209542
3426 6.65122057986 0.911722857593 3.49399916042 8.75504059216 17.6619999577 2.60134222056 6.69066620126 6.636083426 146.175396883
3455 19.4569353786 0.0260418338172 13.6488669609 19.5199683862 25.392972655 3.50200340861 9.78037311876 9.39093476325 153.667666315
3480 22.9263824155 0.00868301025612 17.3717992984 22.9658960086 28.6772364643 2.70172284033 8.97065669976 5.85420355284 124.16234127
3518 5.84548252119 0.817059755368 4.84544949099 7.63055832175 11.3666633256 3.54887614232 9.69507793898 7.37479965305 119.083459449
3535 75.2838674288 4.18758165244e-210 68.7999973869 75.3186540871 81.8770928126 4.40539782343 6.50638242297 6.50075895344 84.5684842169
3540 3.86658136392 0.987053702936 1.91466642708 4.32469405869 8.18209056596 0.512355079002 5.61705229236 1.35981992419 152.066809403
3555 28.875245409 7.97678195007e-29 24.4818012056 28.9137154025 33.3182263194 3.19674521534 4.55631539344 4.27888610184 76.701113158
3580 16.5336030638 0.25638015362 10.8575661953 16.7601491282 22.7515874025 1.81341015305 5.66376586929 4.33945227413 137.11331554
3652 6.9123209209 0.96602258889 3.08258444124 7.18133538176 12.3799836909 3.10407856328 5.76998544138 4.2193499804 77.8912352614
3655 20.6399002623 4.81122859214e-21 18.2281577086 21.0307288382 27.6037506732 2.6182842379 5.86038472699 5.19142921583 113.613664366
3678 1.17716325596 0.988571173826 1.91984643907 5.98282110904 12.6342872215 2.02385255024 4.61772678247 2.42361888258 68.616833055
3687 9.29691673498 0.164706371312 5.8689712307 9.63955655895 16.2956561029 3.84058777883 7.59928936052 5.54675529936 82.7647205313
3697 4.84043568927 0.959929489755 3.77465619397 6.52112031044 9.60620364946 2.03609271659 6.80155260866 5.39374441524 151.788300213
3721 3.40243062833 0.985857825139 2.20745935369 4.20968144764 7.76695529753 2.06307579717 3.64036970335 3.58049377913 99.4429120641
3749 14.7145086624 0.130883717374 10.1603514936 14.8808432272 19.643621931 1.87014872084 5.82169522385 4.7367202241 145.125423664
3788 6.44894074176 0.957816550637 2.50248474789 6.51210836922 11.0817398328 3.94798012407 8.73211863105 7.87262511703 114.27550954
3805 15.4921378721 0.35300377116 9.61692881459 15.5024746307 21.4292759038 5.27867526664 9.17045928054 9.03298271334 98.0804549556
3807 59.212165518 4.79860832815e-68 51.8818912868 59.2003274016 66.6009189418 3.36509097969 7.49865810498 7.19927771779 122.596245615
3831 17.2428187494 0.020370266447 12.2449627233 18.005106114 23.8562232797 1.11329604239 9.54436011583 2.42474879563 124.791657044
3906 10.6858437767 0.653979352485 4.34900616432 13.6219160035 28.0996608494 0.935197388885 1.47237593622 1.22211259079 74.8747501562
3926 1.85658586388 0.96689623527 2.43608850211 5.08573620271 9.29914498366 2.88930771265 6.11970870179 4.5365993561 89.9715660721
3932 9.68635921797 0.842226602454 4.91520642513 9.7385221002 14.9455651184 4.54053774557 9.74320181283 7.17401247772 90.5505554451
3936 14.2517688142 0.111796010281 9.87498738203 14.9795184332 20.1494405283 1.81548553749 8.04999438682 5.52858626149 174.486606931
3955 30.2948667381 0.0107765467664 20.3827158185 30.3585411288 40.1784752939 0.951403872034 3.00943937858 1.43571688777 86.4632421014
3969 22.7058011947 2.6214184023e-06 18.4355196164 22.8275656197 27.2470122366 5.91496985444 7.42683971324 7.33028202855 71.0368432655
3989 27.0990882535 0.00858443069273 18.6808936821 27.5004423513 36.4391194875 1.99433071442 10.0694284283 5.10975991667 146.807375275
4007 33.7936881247 0.00172892611423 23.988467622 33.8237774299 43.8069149295 4.02354806333 8.26008307079 5.98928441681 85.3056147326
4025 20.1503623297 0.00771551457838 13.3198743115 20.1764099858 27.1246690797 4.52314143849 8.89753201569 5.70053906383 72.2289280937
4036 90.7775068503 0.0 84.8020152324 91.0197975239 97.2951549498 2.57802990809 8.69806924579 7.8809207702 175.165381265
4041 23.5533209265 4.7421263386e-10 19.6281631942 23.6790370824 27.7648294498 2.80477156425 7.62968318906 7.33459554068 149.845833215
4149 10.8695353275 0.591628524888 5.92609805878 12.0140079454 19.3150426622 1.55141931014 8.35185828413 4.12097667558 152.19727042
4271 18.164476877 0.347779283891 10.6112403789 18.2661348067 25.808596374 1.87661959252 6.1659441578 4.24941279509 129.746221797
4283 7.61818601987 0.961409272767 2.59299737458 7.89480550858 14.7269551976 2.62432971025 9.75374118376 6.27200449838 136.94575051
4295 2.14300408857 0.985580385908 2.04625276833 4.23007742813 8.35562152798 2.62449003676 8.35125519904 4.9471641649 108.011996762
4339 30.4547019611 7.13547923827e-34 27.1639770442 30.5036134241 33.8088588641 1.85476960478 6.34446652381 5.76616586018 178.130692312
4361 3.74196764168 0.981093194116 1.9797596347 4.41589503697 8.69020498456 2.02822820905 6.61742003573 4.35355857835 122.990872407
4373 22.5604475195 2.40096636882e-05 17.1490171212 22.8848407256 28.7396506466 6.1590133529 9.37202379192 9.3370840567 86.9024205971
4399 21.5514062977 0.00287983456486 14.9054877822 21.6012998377 28.3231941472 6.02431231575 9.71932794504 4.7445994648 45.1455324606
4420 40.0937982253 0.0293481369449 19.4814099699 40.1814628897 61.6474617129 3.11925880902 6.79422830082 5.96347257337 109.552951507
4432 24.7282776176 0.000639533620671 18.6736129889 24.8016216361 30.9605367209 2.29349121945 6.25187596684 5.36277913987 133.981383282
4461 37.9520861659 1.74528710555e-20 30.3498163338 37.9809005509 45.5671136878 2.82146118803 8.42590253775 5.9999305317 121.853681777
4524 27.328647945 0.000202460930564 20.8216623745 27.4326052234 34.0585429627 1.56998413396 7.18319362821 5.10128487158 186.174644134
