paper/figures/group_llr_dv_tbl.ecsv
# %ECSV 0.9
# ---
# datatype:
# - {name: group_id, datatype: int32}
# - {name: dv, unit: km / s, datatype: float64}
# - {name: lnH1_no_rv, datatype: float64}
# - {name: lnH2_no_rv, datatype: float64}
# - {name: lnH1_rv, datatype: float64}
# - {name: lnH2_rv, datatype: float64}
# - {name: R_mu, datatype: float64}
# - {name: R_RV, datatype: float64}
# - {name: dv_15, unit: km / s, datatype: float64}
# - {name: dv_50, unit: km / s, datatype: float64}
# - {name: dv_85, unit: km / s, datatype: float64}
# - {name: sep_2d, unit: deg, datatype: float64}
# - {name: sep_3d, unit: pc, datatype: float64}
# schema: astropy-2.0
group_id dv lnH1_no_rv lnH2_no_rv lnH1_rv lnH2_rv R_mu R_RV dv_15 dv_50 dv_85 sep_2d sep_3d
[from data line 275]
3540 3.87004091766 8.9014857824 3.52722582826 -0.129853603806 -9.00319014199 5.37425995414 8.87333653818 1.90291234721 4.29201133457 8.17151959237 0.512355079002 5.73217574413
3555 28.8780511652 4.6615662131 -1.52799114621 -22.5224096682 -10.2714452788 6.18955735931 -12.2509643894 24.5158466823 28.89880851 33.2910359434 3.19674521534 4.54723349365
3580 16.5425620509 6.58864433567 0.568048569081 -5.16884596907 -10.7650376896 6.02059576659 5.59619172053 10.795588822 16.7572550853 22.800522361 1.81341015305 6.14600701185
3652 6.91327328266 4.23646855066 -2.27602180921 -3.37055101335 -10.9265365961 6.51249035987 7.55598558275 3.07844801631 7.17365513304 12.38610678 3.10407856328 5.88421910776
3655 20.6344988147 7.69011891437 2.35294949727 -102.682794056 -72.4561321208 5.3371694171 -30.2266619352 18.2568388477 21.0463077324 27.6866671202 2.6182842379 6.01586025853
3678 1.1866068702 6.09851280077 0.805245364434 -0.910034080197 -7.13801704575 5.29326743634 6.22798296555 1.85075398403 5.91259601649 12.5850487769 2.02385255024 4.85975576673
3687 9.30600552488 5.51921542669 -0.0156000528469 -9.57845355583 -12.9860772834 5.53481547954 3.40762372757 5.86443891613 9.55067483398 16.3132477883 3.84058777883 7.67271792857
3697 4.69068556529 6.6837812381 1.40707881831 -2.39961495413 -11.0464692774 5.27670241979 8.64685432327 3.77587476672 6.50734106955 9.60821653937 2.03609271659 7.56828471416
3721 3.40495099264 5.75230482637 -0.388869602488 -1.16439303942 -8.84150472799 6.14117442886 7.67711168857 2.21023892265 4.18596351631 7.75246120951 2.06307579717 3.65649143149
3749 14.7105480067 7.71647190119 2.00665012521 -3.23943915556 -6.21944828559 5.70982177598 2.98000913003 10.1802728558 14.8936472772 19.6676506769 1.87014872084 6.02003983951
3788 6.45384056731 6.76103185637 1.20485290554 -0.716687740573 -7.66153548676 5.55617895083 6.94484774619 2.53320593416 6.5227072948 11.1086526219 3.94798012407 8.77601342427
3805 15.489917429 7.11319623503 2.12588214934 -4.35869264572 -6.73821409001 4.98731408569 2.37952144429 9.69270273121 15.5304441783 21.4701842549 5.27867526664 9.16692164607
3807 59.2181261982 5.57830619095 -0.571812799405 -45.5971656454 -15.3350062811 6.15011899036 -30.2621593643 51.8994432904 59.3205156028 66.6358220001 3.36509097969 7.53308181234
3831 17.2081797275 4.29983397819 -2.30586534397 -7.18135870761 -11.2255137548 6.60569932216 4.04415504719 12.2352929407 17.9967618241 23.8684909915 1.11329604239 9.19953495258
3906 10.695646485 5.20508008106 -0.668361952408 -2.60194109523 -9.01496750223 5.87344203347 6.413026407 4.27535257345 13.5779397248 28.0861360119 0.935197388885 1.28035077173
3926 1.87795517188 4.14879968387 -2.61619120941 -2.89892435154 -11.6896595322 6.76499089328 8.79073518066 2.42655919866 5.07238918871 9.2314413182 2.88930771265 6.2942113466
3932 9.67138404921 5.94204839608 0.140456236535 -3.94313067517 -10.2408013919 5.80159215954 6.29767071673 4.95318707935 9.72877013505 14.9504085809 4.54053774557 9.85208467414
3936 14.1779463311 5.14144395288 -1.23165169399 -5.19249876818 -11.2385132449 6.37309564687 6.04601447672 9.93809633044 14.986921685 20.1789512482 1.81548553749 8.67495499368
3955 30.2969537844 4.11754157726 -2.83176945594 -8.22366830313 -11.9580090262 6.9493110332 3.73434072307 20.4624092447 30.435727106 40.2508486651 0.951403872034 3.01133080135
3969 22.6116265783 2.2932366109 -4.17300385975 -18.2358306249 -14.2874003228 6.46624047065 -3.9484303021 18.3814087638 22.7872792329 27.1887721906 5.91496985444 7.42596563332
3989 27.0788021445 3.57494801504 -4.36575528718 -9.14542848556 -14.3589596459 7.94070330222 5.21353116034 18.5995450292 27.5403307917 36.4706649705 1.99433071442 9.82270907069
4007 33.7869216639 3.37090596371 -3.43089124046 -10.0891914411 -12.6700937641 6.80179720417 2.580902323 23.8465125701 33.8180245223 43.7097221644 4.02354806333 8.27454308835
4025 20.1439865996 2.01953606007 -5.6254807661 -11.4943482594 -16.7668720877 7.64501682617 5.2725238283 13.3635353562 20.2241369176 27.1836033894 4.52314143849 8.95110288121
4036 90.783150777 2.98800844103 -3.68004474243 -131.240066816 -16.138967501 6.66805318346 -115.101099315 84.7586665334 91.0036811856 97.2863183954 2.57802990809 8.81561877594
4041 23.5424385819 6.3514723561 0.26345470204 -17.4869041818 -9.91950226245 6.08801765406 -7.56740191935 19.6636062011 23.7316663422 27.8294487391 2.80477156425 7.62939564842
4149 10.9713179228 5.89894584524 -0.0901688589053 -2.43168453102 -9.47838780075 5.98911470415 7.04670326973 5.89675125343 12.0137439124 19.2638622442 1.55141931014 9.83962472506
4271 18.1655905066 8.107330377 2.78130972668 -1.89694849312 -6.13413280418 5.32602065032 4.23718431106 10.6113163358 18.2131100968 25.7598591311 1.87661959252 6.47139781385
4283 7.60986539821 8.4838965624 3.15950292599 1.08029228313 -5.2070778097 5.32439363641 6.28737009283 2.56650832848 7.84151621938 14.7654931207 2.62432971025 9.23129815845
4295 2.13495659897 6.8749204247 1.30852336809 -0.14531666689 -7.27099816316 5.56639705661 7.12568149627 2.05402842941 4.22678085503 8.40328332086 2.62449003676 8.29153051269
4339 30.4517781499 9.65212352029 4.31265161891 -34.981171363 -5.82885158151 5.33947190138 -29.1523197815 27.1574780057 30.4875946025 33.8184645207 1.85476960478 6.46290848337
4361 3.75977232401 7.82618638631 2.57516812859 1.06739892247 -5.54971404887 5.25101825772 6.61711297134 1.97980777354 4.42076339382 8.66668747514 2.02822820905 6.30624590663
4373 22.7258060636 0.99516068047 -3.91018848096 -12.5668957743 -12.8804869335 4.90534916143 0.3135911592 17.136126759 22.8933992336 28.694232003 6.1590133529 9.43898854218
4399 21.5486631046 3.59765518614 -1.88860557369 -13.8612307534 -13.5885583978 5.48626075983 -0.2726723556 14.9111436896 21.5520681582 28.3136926941 6.02431231575 9.70040743042
4420 40.094670299 3.64497028525 -2.60742055619 -7.30064388963 -11.9178753601 6.25239084144 4.61723147047 19.4996607486 40.352205022 61.832365044 3.11925880902 6.93775392551
4432 24.7176152313 5.9049556694 -0.210989024559 -10.4443655007 -11.6708236242 6.11594469396 1.2264581235 18.6824539728 24.848937645 31.0189512475 2.29349121945 6.18050221461
4461 37.9520757443 7.55565479406 2.06192033045 -14.6223039358 -8.2501513235 5.49373446361 -6.3721526123 30.371534444 37.9368172066 45.5211373222 2.82146118803 9.48015672619
4524 27.3380613149 8.48139325136 2.94480955271 -7.95958846217 -7.83867174864 5.53658369865 -0.12091671353 20.8245838904 27.3791317798 33.9793373054 1.56998413396 8.73235898587
