paper/figures/group_prob_dv_rave.ecsv
# %ECSV 0.9
# ---
# datatype:
# - {name: group_id, datatype: int32}
# - {name: prob, datatype: float64}
# - {name: dv, unit: km / s, datatype: float64}
# - {name: dv_15, unit: km / s, datatype: float64}
# - {name: dv_50, unit: km / s, datatype: float64}
# - {name: dv_85, unit: km / s, datatype: float64}
# - {name: sep_2d, unit: deg, datatype: float64}
# - {name: sep_3d, unit: pc, datatype: float64}
# - {name: chord_length, unit: pc, datatype: float64}
# - {name: d_min, unit: pc, datatype: float64}
# schema: astropy-2.0
group_id prob dv dv_15 dv_50 dv_85 sep_2d sep_3d chord_length d_min
[from data line 120]
2820 4.52216550078e-22 26.3619222249 23.3494364896 27.2964933335 31.3201715334 0.790010513419 2.47354735427 2.23825408163 162.331419721
2822 0.0169726824651 9.55669786547 8.15306772031 10.1486659639 13.1587982518 2.76287797961 7.55786137723 7.36838236281 152.818228214
2839 2.64378323133e-09 14.036469526 13.2443690196 14.4077462856 15.6835808625 2.39909501782 6.08571944902 5.13563393462 122.659437982
2866 0.998709102652 0.795026096864 1.25355879819 2.30293623196 3.82897459369 0.00736841388724 4.78757335996 0.0151510981073 117.812868606
2883 1.60370018107e-56 31.2677599006 30.28103803 31.7083216752 33.5299682177 1.29136824335 4.5546744053 4.42732734387 196.437028626
2905 0.893634872103 6.81139379693 4.27320872349 7.41437142861 10.9374054061 1.63504044332 7.06802296042 3.86838189936 135.562076193
2906 0.991524230293 1.77620419537 2.04886483548 3.79482057376 6.92249833276 0.0817450782243 4.15202522805 0.224595572927 157.420847799
2928 0.996070214275 3.29747122609 2.15931087885 3.7865896881 5.53994520355 0.0219250521311 0.754279074995 0.0349995895256 91.462896633
2929 0.678595363473 6.5308878809 5.51050243665 10.3125241882 19.4964638097 0.266536628429 7.90665156271 1.22933552406 264.263118584
2937 0.998810828903 1.9795321695 1.4750107155 2.56318680703 3.9189172245 0.00661451063542 3.08982730792 0.0161540350126 139.928420991
3024 0.999125864489 1.12830700771 1.40901075195 2.65189513692 4.28770339369 0.0012579479343 9.27706863897 0.00427903510421 194.897296764
3044 3.50776622536e-15 29.1900481114 23.8675398075 29.3291313858 34.7534831979 0.0351065705413 8.32007335109 0.182645999088 298.087933256
3059 4.72259756682e-25 26.5018357615 24.1268533045 26.7477658414 29.4145635188 1.13248814412 4.61993521223 4.31649621748 218.387311861
3065 0.99538724464 2.82582746556 1.97287110599 3.83073775504 6.37264815215 1.27665175853 7.50067442118 3.10620197914 139.408373677
3090 0.975059737296 5.95646681872 2.41656088277 6.08642653115 10.6018066545 0.00416740169714 7.70617093397 0.00622911711554 85.6414012446
3102 4.84464878704e-211 66.1823479542 61.9620405714 66.2414434105 70.4842950241 0.795654444707 7.97915851377 2.35208615813 169.377163245
3106 4.72248865316e-11 15.6390540948 14.8595908983 16.3880002959 18.2424659663 1.75915199361 7.08846619772 5.4382251458 177.130565703
3128 0.999549093577 0.344581157108 1.19222245422 2.27474855399 3.70576432507 0.726143656871 3.6833624391 1.7235268375 135.994404998
3148 1.06299173859e-07 19.5095473229 16.3903249105 19.6170868111 22.8478904414 2.52050320242 8.32756368532 8.07916908355 183.66952193
3157 0.995934767749 1.67945525183 1.7308303047 3.09492824793 4.89164969188 0.50241073645 1.88422670175 1.88014906567 214.416101465
3164 1.2118594601e-170 55.8311575238 52.7291914953 55.951466815 59.1715297919 2.3625739476 9.6520149511 9.53133465046 231.164802419
3192 0.00144947418466 12.2989686346 10.4354725123 12.4766001044 14.5051735955 1.86645378309 7.36979768501 7.34850595362 225.59197438
3195 0.0 171.374909696 150.557737705 171.493215955 192.387029463 0.00783027186441 2.26333411142 0.0296941888292 217.278751845
3213 0.998635957735 2.10536759254 1.2686171949 2.47570178559 4.09988118138 0.00677270515615 7.36002397188 0.0212635243831 179.885315741
3234 0.0345284281769 14.223559432 10.7786436971 17.01521469 24.5818519639 2.30261733059 7.05373072977 6.17518515212 153.666809228
3253 0.984757842142 3.24442550222 2.76337634629 4.81089223346 7.23402241836 0.00320837598495 0.451040707073 0.00620233385797 110.762440221
3279 0.987228814438 4.09527532908 2.64300020835 4.57771282457 6.61782257879 2.55296266727 9.04418271586 6.98817009666 156.847486358
3285 0.170843394241 15.5689531709 11.1548326466 15.8033174077 20.4339336691 0.00669283798247 0.762280598714 0.0198641652284 170.052350702
3296 3.12585230869e-16 18.2740699167 17.0741068742 18.4422309583 19.8271106667 4.31262373032 6.6651539225 5.86960739161 77.9996479462
3314 0.990854991394 2.72139537932 2.45009802262 4.59646460075 8.09559858431 0.779767961856 6.20711601349 2.21592985248 162.823319622
3367 0.99837120257 1.60262289616 1.57692326678 2.83436162515 4.65049258624 0.0236637242692 1.88752299539 0.0603261577861 146.064677759
3401 0.995961504476 2.2976629034 1.78701561804 3.31850966943 5.23759498769 0.00699630095697 4.68739987277 0.0156819607529 128.42646017
3412 0.99378762141 4.37115899972 1.99384176835 4.40837653511 6.90984443956 0.0209818512417 0.664450922065 0.0389068237803 106.244047947
3413 1.93969716619e-95 44.0232200815 41.5146438848 44.2947007895 47.1591670672 1.74463557995 8.5087852598 6.91534397187 227.11638775
3434 0.986416733258 2.36775268036 2.53007926548 4.4396304287 7.28884780398 2.15386724181 6.03413637316 5.96763038593 158.756381025
3456 2.27979239408e-24 23.9984248322 22.0861885987 24.1610689505 26.2570378653 1.94448772434 8.27085353508 7.05109635597 207.775778546
3467 0.994986693777 2.67825509859 2.12768030047 4.53553753782 8.10870806485 0.00905820491769 1.43228108742 0.0257227132065 162.703639329
3494 0.642604511219 9.24168822739 6.44219925642 9.43337069899 12.5068619322 2.97125750702 9.67789450688 6.73947630709 129.974201027
3514 0.0 356.749738177 301.800194951 356.632268728 411.718600403 3.9396443261 7.93630287881 7.13893999661 103.84483643
3533 1.89650083579e-77 41.9236171606 38.5360032221 42.2021533214 45.870288915 1.57550108421 7.66739762359 3.89843325203 141.7776297
3569 1.55387752856e-77 42.383377411 38.8254666233 42.7226846063 46.6253903487 0.60004247581 5.31318676849 2.29233611411 218.887478933
3593 0.961002339934 4.51891211775 3.68587839498 5.07857743461 6.9270312605 2.96127128955 9.31823904799 9.0386450588 174.90253627
3607 0.998475996616 1.13519245167 1.47187976859 2.74453238033 4.72520423014 0.00536569632404 0.249260727417 0.0101546853686 108.43338478
3615 0.993688240594 3.57565052241 2.08314145768 3.94640595223 6.20669281538 0.0629173316377 0.454595799393 0.102062237691 92.9431622249
3646 0.0113310182456 10.2145819901 8.37841414955 10.5386708809 12.7922954165 2.98895537003 9.86737947948 6.03420572446 115.683804057
3676 0.996359768395 2.76429996363 1.77665390949 3.35725717874 5.5800508447 0.00139744367284 5.75192125945 0.00330970967966 135.699491685
3693 0.0189904147912 10.0190505347 8.16773353326 10.2590168895 12.3480752536 2.59516645436 9.15350378535 7.05689212285 155.814552626
3717 5.11192008613e-17 24.5877046102 20.6699724571 24.7577956054 28.7942552479 1.70868462028 7.02003217507 4.61342306545 154.703485403
3721 1.47077234334e-05 12.9542689563 11.4688381937 13.3492841034 15.5786192625 2.83984753277 8.03333465585 7.90700049922 159.54523213
3732 2.17583046588e-21 22.8732701735 20.8981309642 23.2798786895 25.6810889844 0.860870918716 9.4297479477 2.7220227584 181.167558837
3733 0.999147037517 1.54099444258 1.15300586407 2.25793459387 3.71323472896 0.00404532352417 2.95200540091 0.00633977505085 89.7931528544
3753 0.927553356497 6.84883368933 2.95856850409 8.69840057269 17.8056463497 2.85434522253 9.40900706678 5.26759907779 105.748388479
3771 3.29527132244e-237 65.2806713386 63.0468438112 65.5362345865 68.0247516868 1.34581797324 6.14062963913 5.84807853638 248.977148502
3780 5.5213453246e-55 31.634726626 30.197745322 31.8997425121 33.6415675104 2.29792643033 9.24421778953 4.58166961109 114.245575098
3801 5.35863156543e-25 23.143372375 21.6132350346 23.2427623627 24.8571060451 4.2253214182 8.49262201063 7.89841874922 107.127619012
3811 0.493310964087 9.62667249403 7.20322734935 10.4378832795 14.0800519351 0.778552172619 6.49375912592 4.39439847404 323.398266652
3850 3.55653635017e-16 43.1274201062 32.8858465701 43.4894270737 54.0857537548 4.23049043494 8.89045484193 8.82332775554 119.526164684
3853 0.982082401102 2.3937203058 3.07941233497 6.22304162287 10.3036063548 0.0109239595457 9.21099492354 0.0355402417621 186.407305008
3862 0.998728535655 0.844350771586 1.20692232546 2.6905399153 5.36650591927 0.343417807334 1.08285876488 0.294408303709 49.1191142275
3940 3.06968741973e-48 37.3941532711 33.5165102393 37.5958645165 41.6967875268 0.512932501005 8.03924619068 1.8014438609 201.226232946
3951 1.56621365955e-14 17.9551655836 16.4571956092 18.1428737207 20.0711874131 1.81165715188 8.62170060743 7.01956436024 222.011193625
3992 0.69774415925 9.64786734216 5.15062126695 13.2624496501 26.8283142979 1.76288239995 5.9364370838 5.00528305778 162.684083098
4036 0.995165513495 2.82257369082 1.87523847007 3.59861414047 6.09790866637 0.0250215477715 6.69209252317 0.0736984345803 168.758916526
4055 7.81966624258e-47 37.4956651686 34.4886159402 37.8762101208 41.2630230264 1.37797372541 6.24002717795 6.23952647628 259.444097289
4084 0.825026247499 2.62706398969 3.33262124297 6.71163194493 11.2263992014 0.351521559966 4.39357049954 0.908239698897 148.037529059
4137 0.859889755934 6.15483510519 5.73142604304 10.6906295925 17.4603104856 2.10930955413 8.62575967816 6.88318171836 186.980395078
4151 0.998358302093 1.5497357193 1.32418337584 2.52566897311 4.01734155144 3.54956542466 8.45612247112 7.53888906319 121.709436806
4219 0.781442718017 5.270060278 5.0039573115 7.26924569219 10.4875248096 1.52678263397 2.69849915727 2.64969564433 99.4384307824
4222 0.999308681704 0.63514364743 0.960700231521 2.03561615782 3.85340108757 0.0078860300255 2.98552005423 0.0131681467131 95.6728834183
4280 0.979583283533 4.55774611145 3.44546111203 5.05937389805 6.81041212493 0.00488918828511 4.57264039052 0.0105990338358 124.208737827
4290 0.987798326878 4.59664496223 2.04857094563 4.79765409374 8.32693988429 0.0051391565079 3.55791519151 0.0160292498684 178.707997142
4315 0.95349014939 4.98708716613 4.09376759452 6.37979534685 9.33319514945 2.56586259742 8.47563017314 4.93200603087 110.141028229
4337 0.995171461681 3.34538051581 1.96425290822 3.89735066963 6.18889859864 3.81658336661 9.55416539977 9.1095061108 136.780128245
4386 0.185634554719 15.8661171676 11.2983472345 16.4094031672 21.603869122 4.66629494494 9.25387216573 9.0862263743 111.597388253
4388 0.0585396423597 44.6872527668 21.6352187687 44.9567192782 68.3990906074 2.19140843144 8.43226521952 8.42392785823 220.262424154
4412 3.16296900203e-14 25.1710611735 21.8107198705 26.4628572809 31.2750484924 1.36502931222 8.46723689761 5.39695205263 226.537177813
4421 0.999341110769 1.24053536368 1.2113262546 2.05353028854 3.02177011926 0.00865483124789 5.02728324149 0.0221821611799 146.847948954
4427 0.97886248537 6.87797746346 3.94820787762 6.72205348067 12.7775208197 0.00777870864739 7.64445409206 0.0145555294257 107.211934926
4473 0.994202964264 3.62038058258 2.49937643365 4.00041837575 5.57393452874 1.87450729312 2.93896047541 2.8428816524 86.8987736419
4482 2.93980351666e-233 65.2434270973 62.3475189439 65.3064157151 68.2785708688 2.02366101412 5.15482813614 5.04234404149 142.770971841
4486 0.0 752.144366474 705.584213239 751.850017837 798.298262496 1.13342596558 7.61985223921 4.4296412584 223.926303886
4496 0.00120654269924 14.2518822167 12.4200423244 15.4493517589 18.6297817771 0.282894778294 1.61697765973 1.36752510125 276.970457853
