paper/figures/group_llr_dv_tbl.ecsv
# %ECSV 0.9
# ---
# datatype:
# - {name: group_id, datatype: int32}
# - {name: dv, unit: km / s, datatype: float64}
# - {name: lnH1_no_rv, datatype: float64}
# - {name: lnH2_no_rv, datatype: float64}
# - {name: lnH1_rv, datatype: float64}
# - {name: lnH2_rv, datatype: float64}
# - {name: R_mu, datatype: float64}
# - {name: R_RV, datatype: float64}
# - {name: dv_15, unit: km / s, datatype: float64}
# - {name: dv_50, unit: km / s, datatype: float64}
# - {name: dv_85, unit: km / s, datatype: float64}
# - {name: sep_2d, unit: deg, datatype: float64}
# - {name: sep_3d, unit: pc, datatype: float64}
# schema: astropy-2.0
group_id dv lnH1_no_rv lnH2_no_rv lnH1_rv lnH2_rv R_mu R_RV dv_15 dv_50 dv_85 sep_2d sep_3d
[from data line 184]
2503 12.297490758 3.30469732524 -1.88935062593 -13.3747790014 -13.8994119861 5.19404795117 0.5246329847 7.28281903103 12.4190957113 20.1330705352 3.75296887907 6.62929336669
2509 23.4330952966 2.20645173874 -6.20412221603 -14.8904452015 -15.4515331174 8.41057395477 0.5610879159 18.5542266795 23.7114801015 28.8089135842 1.77645877461 3.78729141139
2553 1.8925746462 7.9497034458 2.31905257087 -0.262438971883 -8.84208957259 5.63065087493 8.57965060071 2.3838825074 4.75319924791 8.27560291973 1.46085573304 4.08422877185
2561 3.85229706937 6.59400312662 1.05371967492 -2.19424686181 -11.2965472439 5.5402834517 9.10230038209 1.77399679929 4.4741072434 8.96346748985 1.97995162277 3.71807543364
2563 18.5308859764 5.74997034414 -0.084415612173 -7.73348932518 -9.49864168145 5.83438595631 1.76515235627 13.9264160709 18.7911470846 23.7107415717 2.07128361829 5.99952636819
2575 9.63697452859 4.54204177647 -2.09981827289 -5.51277538066 -11.8883513859 6.64186004936 6.37557600524 6.72740264332 10.4800347046 14.3498562949 2.18465067773 5.00800106714
2611 8.02582418755 5.49899411367 -0.755460962395 -4.02970526943 -10.9981935124 6.25445507607 6.96848824297 4.94111511068 8.51512392832 12.2163984351 1.19107430687 2.41742949556
2629 28.6378675086 9.18858332163 4.02829674314 -6.56551307116 -4.38287900397 5.16028657849 -2.18263406719 21.8060844121 28.6198567697 35.4250442994 2.45077098362 9.60834567605
2633 2.84121129405 1.71456361948 -3.61145165926 -4.61751992978 -13.2343746617 5.32601527874 8.61685473192 2.11065572096 4.88437023966 9.64410174371 7.53426434365 8.76357639939
2643 7.81084628954 4.31525814414 -1.63502512494 -4.99511967651 -11.4267385898 5.95028326908 6.43161891329 4.42511147262 8.12388820855 12.7454423041 3.16925891437 5.46114576572
2647 12.5198424495 8.66362038932 3.31913544851 -3.93510099065 -4.7747149727 5.34448494081 0.83961398205 9.40054668235 12.6572493051 15.8892957898 1.42119796912 6.46833041055
2664 37.6367442339 8.05857477778 2.34964891878 -10.3915284926 -6.84928858688 5.708925859 -3.54223990572 29.6477816056 37.6373364434 45.6091952474 1.71881859149 6.65945756852
2683 1.26085964479 3.03676192707 -3.27148165851 -3.69578794292 -11.7684507262 6.30824358558 8.07266278328 1.71851334177 4.27072394162 8.77147864289 3.13386178482 6.65860765899
2684 3.45839836405 7.46246971347 2.08141146079 -0.638828852207 -6.89391443367 5.38105825268 6.25508558146 4.14350623819 7.79653390881 14.8854178368 3.02342080016 8.65424742625
2708 12.2484164505 5.75351224511 0.390935875918 -3.04925014668 -7.84627974474 5.36257636919 4.79702959806 6.5457023637 12.3118919925 18.2095919464 4.84480246567 6.5035355543
2740 14.7003699943 3.85304727057 -1.8274075255 -5.56373659837 -10.4257966136 5.68045479607 4.86206001523 5.69739870618 14.9021571261 26.5390188718 6.67309333977 8.84122435034
2747 49.120599907 3.8965041218 -2.74463848124 -21.6661733429 -14.1282896835 6.64114260304 -7.5378836594 40.5845737109 49.1541717081 57.7560220654 1.34683224206 7.75525769155
2776 29.4174606275 7.38166177556 2.13449388105 -15.8307846307 -6.32949651529 5.24716789451 -9.50128811541 24.4135933403 29.4518464404 34.4361744769 4.15075138141 9.17480491683
2781 48.6497321117 4.93607903212 -2.03710112916 -63.204519564 -14.1967176228 6.97318016128 -49.0078019412 44.5221695884 48.8950597747 53.2394425349 1.23561454111 5.69693507213
2782 11.637150569 6.73637048711 1.58266231407 -2.02560610399 -7.15737138484 5.15370817304 5.13176528085 5.64245533403 11.6272160669 17.7003558628 4.6859219603 7.14579862095
2800 5.15084151839 5.86019026521 -0.065391906696 -3.87118544916 -12.9212343122 5.92558217191 9.05004886304 4.82926468898 9.59402586381 17.5372204932 1.12114728337 9.58958026403
2817 2.12197916308 7.08417788796 0.708831635124 -1.09799253847 -9.71452974309 6.37534625284 8.61653720462 3.44084162942 7.70418675323 14.7312553336 2.43172673965 8.34926144588
2818 19.7419658085 5.0075547632 -0.928795661038 -5.56639766311 -10.7424862686 5.93635042424 5.17608860549 12.7118167888 20.2351003094 28.1645025982 2.03530915515 8.44102326144
2822 2.90386356904 6.97692454508 0.39579924613 -0.678912696702 -9.23868507805 6.58112529895 8.55977238135 2.62780694136 5.58701302319 9.73484066586 0.0142151351234 0.591717842969
2832 4.24671106176 5.59653421374 -0.0050507789697 -1.65118442262 -9.0649401645 5.60158499271 7.41375574188 2.08258271095 4.68236997477 8.85607074573 0.149187297537 7.86096417687
2845 17.7462775418 1.68132607238 -2.87029725382 -19.965212972 -11.9279203774 4.5516233262 -8.0372925946 10.314004686 17.8543273529 28.8058344903 12.5452856443 8.73136953268
2869 21.5308588517 8.251456244 3.18535896824 -6.22876648093 -8.74465161192 5.06609727576 2.51588513099 15.110295965 21.6207825684 28.1965320642 1.51939702647 9.9002312082
2883 54.5212437798 6.02700855887 0.830900295881 -37.8719548215 -10.6742731001 5.19610826299 -27.1976817214 47.8028574748 54.5659936835 61.2232565431 3.65942031275 6.36899689004
2890 18.2046106958 6.86527859542 0.79206149663 -3.57974966774 -7.89000319872 6.07321709879 4.31025353098 11.6294595676 18.4885302005 25.4573841198 1.72054871267 5.23764612384
2896 13.3450823583 6.84182429874 0.923269795596 -2.54749904129 -7.38883196156 5.91855450314 4.84133292027 8.08711183875 13.4931228731 18.8910988183 3.85161574361 8.46180933453
2905 34.8365190574 6.22144104626 -0.178641020965 -17.1955641899 -12.5145965159 6.40008206723 -4.680967674 28.5786819967 35.0164073985 41.4584896033 2.21644415119 9.9155582179
2909 18.9005089734 8.59898700163 3.20452063617 -3.20251269318 -8.35889131252 5.39446636546 5.15637861934 11.2322767064 18.9010034249 26.682589585 0.617814128586 7.39252451776
2917 42.4283099223 6.78722091931 0.889685150625 -22.9850723634 -12.3676511846 5.89753576869 -10.6174211788 35.9695103965 42.6805923391 49.4768663623 2.00202507586 6.33118056483
2926 9.17807777947 7.34694438466 1.7296685861 -1.96569610512 -7.83025002151 5.61727579856 5.86455391639 4.51283528463 9.19504185904 13.9034989481 0.00304221699699 0.728161659251
2928 5.76496253028 0.710234039539 -7.92803497524 -7.83422210719 -18.4131234974 8.63826901478 10.5789013902 2.71844024777 7.72840186742 15.9971170119 0.0453002583634 0.155726118066
2944 11.2113422681 6.33725720401 0.54509066519 -5.06139386796 -13.3489719676 5.79216653882 8.28757809964 5.02509860161 11.6676892931 21.2680193587 2.81563757312 8.38910802023
2946 7.17006259046 8.4858222639 3.01028311309 -0.0536634593601 -7.40179536895 5.47553915081 7.34813190959 2.9118835469 7.82880967791 15.1458006813 2.55208398522 8.49710148107
2971 6.23924964145 4.13698319098 -2.8996305067 -3.56544937957 -11.988984355 7.03661369768 8.42353497543 5.22069539153 9.18748527055 13.6798278435 2.5270589471 7.39355509938
2980 106.728382892 5.17405593102 -1.44124127651 -275.543539714 -14.7564118344 6.61529720753 -260.78712788 102.168627549 106.714647719 111.270137732 1.91496886522 4.75334709639
2995 11.5871361632 7.3033793496 1.76533971039 -6.24716891246 -14.2295906507 5.53803963921 7.98242173824 6.91189041941 11.6186013941 16.3393036867 0.195489557174 0.319345225731
3008 27.7743528354 7.19061910186 1.67524145715 -16.7637245301 -13.2333066605 5.51537764471 -3.5304178696 22.2155390254 27.8987773198 33.6245721455 3.86558503083 9.37627412738
3024 23.3720848899 6.36973531724 0.207204641544 -10.2528953321 -9.33700744814 6.1625306757 -0.91588788396 18.2550923299 23.4838434484 28.7531523039 1.79920278538 5.09159904501
3032 12.5573061681 6.41917109216 0.0382633682967 -6.2681396059 -11.010207197 6.38090772386 4.7420675911 9.04424592213 12.8558314363 16.726889512 2.02694804604 7.40248009228
3045 5.13194694289 5.87100314809 -0.0771892402956 -2.81015594891 -10.524468767 5.94819238839 7.71431281809 3.55533990505 6.43206375458 10.5153599248 2.00363293542 6.96689913031
3055 2.8268036978 8.3462135621 3.17580707534 -3.20441454655 -13.391577222 5.17040648676 10.1871626755 2.25908788548 4.5126373641 8.83221071145 0.904185996598 5.86932524369
3059 5.70648809805 6.00974091534 0.126949556952 -2.42054592303 -10.6189560499 5.88279135839 8.19841012687 3.62969975158 6.88746138797 10.700657641 2.05227834513 4.9577068592
3060 18.7176256194 2.02072786235 -3.54488829662 -6.27041676005 -12.8944075052 5.56561615897 6.62399074515 6.671886148 18.8272671821 32.247258863 3.94398545062 5.93810510281
3064 4.32432199804 7.43414360681 1.67181956525 -1.43543432597 -9.41897819979 5.76232404156 7.98354387382 3.17151322202 5.30453035371 7.89257019259 2.80107699295 8.66716685702
3071 80.9184428805 5.75242228096 -0.548667289075 -28.4635339918 -11.2337141332 6.30108957003 -17.2298198586 69.2734425651 80.9986854206 92.5460142875 2.84732415385 8.53690400405
3074 9.73487299976 5.23578337848 -0.523260145962 -2.53375068663 -9.0699089198 5.75904352444 6.53615823317 4.04553737395 9.85961064081 16.6507168958 2.46995100846 7.19482404392
3101 11.4268366876 1.49961587459 -6.37058308997 -8.63649435089 -16.7201134795 7.87019896456 8.08361912861 6.52822496443 11.4861745563 16.4549097264 0.0156095878162 1.0898427138
3116 9.15126026112 6.50776257109 1.00003221358 -1.49193880468 -7.5561881173 5.50773035751 6.06424931262 3.88898211189 13.0951810388 27.5092378838 0.0219969791657 3.93574992487
3117 11.3278643049 2.93256356399 -2.93071248925 -9.18051900358 -16.8463056166 5.86327605324 7.66578661302 6.00668741181 12.1609228763 21.0253507048 3.42944561025 6.30226482745
3127 11.5058104105 3.818601356 -2.54482733809 -5.47494637664 -13.5056800478 6.36342869409 8.03073367116 6.28243727625 12.5827602368 20.3001922874 3.17580261028 9.23767143113
3142 2.50097431628 7.89478281552 2.28266791574 0.00491076843248 -8.3131041084 5.61211489978 8.31801487683 2.4170882427 4.51746679144 7.89745739871 0.0137910268341 6.87255667905
3161 46.6433698302 7.66639596207 2.58803459589 -22.5840149305 -7.84034856409 5.07836136618 -14.7436663664 39.6020620601 46.6443913116 53.6749292678 5.05685646992 9.93195975107
3172 24.5543295646 5.16057414771 -0.795506782632 -13.6710727476 -11.0908236703 5.95608093034 -2.5802490773 19.196620474 24.6048473979 30.0852833654 3.14735798942 5.78598148754
3192 23.2064406902 7.69347932224 1.51551013912 -10.1029774038 -7.25820306844 6.17796918312 -2.84477433536 18.3873266686 23.2671860262 28.1714649096 1.82741108333 5.43529485438
3196 14.0971972585 4.08656098583 -1.63800748134 -8.347131102 -15.1935923305 5.72456846717 6.8464612285 9.30588474524 14.6762677986 20.1810616343 0.394607385941 2.64509156507
3207 4.81636085941 1.12908380565 -7.00790632648 -6.22386529637 -16.2440244718 8.13699013213 10.0201591754 3.79162203453 7.39299699243 13.0581629018 3.72902763497 6.342882822
3221 21.3422158062 8.99303015679 3.81403884909 -10.6214605328 -7.56063746476 5.1789913077 -3.06082306804 16.8891957941 21.3617032057 25.8981207684 2.51308809091 7.7961235521
3224 15.6422928514 6.59954133578 0.644506810932 -5.51973301987 -10.3828138442 5.95503452485 4.86308082433 10.1036314915 15.7235296218 21.2065480583 0.0363825403157 1.92095511925
3230 44.5813900745 8.0765094902 2.68725255571 -28.632610283 -12.4878832983 5.38925693449 -16.1447269847 38.4658211585 44.6529784196 50.8814362004 0.396384531272 2.94497198978
3231 27.9772293872 4.7041554437 -1.2919593448 -16.0589299275 -12.7801923258 5.9961147885 -3.2787376017 22.7713774374 28.1930431252 33.6974329368 1.73535583675 5.45274163512
3245 22.4799479517 6.84063659685 1.15546555703 -6.56350645672 -7.44658023504 5.68517103982 0.88307377832 16.4542334392 22.4962960943 28.5998463446 3.15011666404 7.38035214236
3246 40.4971655367 6.06452344017 0.148892892754 -23.7583844378 -12.9959685056 5.91563054742 -10.7624159322 34.2524830021 40.6544980229 46.9375489304 1.96668464763 6.61242140873
3261 5.59489909891 7.6766519302 2.25262342834 -1.64044399779 -8.7327868115 5.42402850186 7.09234281371 4.15802010007 6.87030662488 11.4571410606 2.81780352107 9.52904695596
3287 10.5236019953 4.51125795244 -0.992588219435 -5.67158295346 -12.2032780736 5.50384617188 6.53169512014 5.00550079722 11.4592296985 21.7965244078 1.91555308129 4.81903618279
3289 10.3497459449 3.18985828227 -2.70541100008 -9.30980429568 -18.1599198633 5.89526928235 8.85011556762 5.03129984567 10.5600358354 18.4256164063 3.09759327196 5.27128050302
3292 16.4527530022 8.38367110094 2.79395517657 -5.38511251743 -8.32322150933 5.58971592437 2.9381089919 11.8639359552 16.5695755638 21.2602029479 1.00553563484 3.80081993355
3293 37.2649386941 7.65535453891 2.64349896917 -29.9500241176 -7.12478741662 5.01185556974 -22.825236701 32.6769447368 37.4304828974 42.1421078707 3.10955377699 8.67212970797
3299 13.4300377503 7.72792006971 1.56448882366 -4.43653396309 -11.3215269534 6.16343124605 6.88499299031 8.48773360552 13.6286793697 18.7662258349 0.019228004824 2.0437504953
3316 16.6141334808 5.61437842642 -0.769724111062 -6.79411470875 -13.0783522413 6.38410253748 6.28423753255 10.1157783718 16.6828635246 23.5199028228 2.44195453191 7.60734068616
3322 10.9410005904 8.10336170839 2.82139800952 -1.53245888682 -7.35121213056 5.28196369887 5.81875324374 5.99968739442 11.2913863828 16.8607463793 0.0222391899984 0.573220330557
3339 45.7642632614 5.27188478951 -0.830171767856 -50.9693396879 -11.5971869517 6.10205655737 -39.3721527362 40.6772721478 45.8789183133 51.121470375 4.1053518498 9.74476937087
3347 34.1514105128 3.46756124749 -1.32761306971 -11.7492132072 -11.0898150775 4.7951743172 -0.6593981297 26.0422537971 34.2607450109 42.707384104 1.19584403921 7.07357055552
3359 32.7684737152 -0.0621187635142 -6.44139723052 -13.2143554766 -16.5131463454 6.37927846701 3.2987908688 23.2126787121 32.7659990005 42.3016724133 10.7847714256 8.13628460286
3360 12.479698026 6.93827336143 1.09461133678 -2.39140763837 -7.82610720618 5.84366202465 5.43469956781 7.76469284125 12.9995333042 18.4359027437 2.59714901403 9.46929273905
3365 22.6294804859 5.57812597882 -0.925524204503 -5.10884894652 -10.0790063642 6.50365018332 4.97015741768 13.1275937098 22.7441446172 32.5284238413 1.75844256522 5.85925366422
3366 6.49364963981 3.42293585507 -2.84702362256 -3.9875314433 -11.3696807544 6.26995947763 7.3821493111 2.3017911362 6.89610777253 13.4451373353 2.95979527576 2.63892557799
3367 8.75387418787 7.93945491681 2.16074734525 0.0356320623888 -6.1749744551 5.77870757156 6.21060651749 4.51143628671 9.13455182554 14.5034416299 2.1254097088 8.0961292704
3376 33.930767051 4.84426301785 -2.0403535412 -13.8062520015 -13.0466672332 6.88461655905 -0.7595847683 26.8429917699 34.176182995 41.6202033051 1.57048831707 6.71258038701
3399 16.080175111 5.74493037696 -0.943404103261 -6.82215653147 -10.6971337409 6.68833448022 3.87497720943 11.4787512407 16.2274635208 21.0074376615 1.79008858156 9.98623456107
3400 1.02261787482 8.54824750832 3.53062065217 -1.28082550731 -11.4600786733 5.01762685615 10.179253166 1.70809643573 3.57855825818 6.75263979999 1.25088994932 9.36919367939
3410 4.19960116724 2.67473243224 -3.14846289826 -6.97106585311 -11.9532629595 5.8231953305 4.98219710639 4.43246557041 7.70726834941 14.6323460539 4.45731034054 6.24558135141
3416 47.0756341362 4.08240974287 -1.95458485726 -35.4422442851 -14.7557740822 6.03699460013 -20.6864702029 41.3353211082 47.297334072 53.2220624643 2.8455417376 6.84483986238
3426 6.6576034429 7.39644150585 1.91773808156 -2.51781496133 -11.3757538567 5.47870342429 8.85793889537 3.4647370137 8.72944034496 17.4875130221 2.60134222056 6.73863489766
3455 19.4514962398 7.91725399002 2.49565984717 -6.52077573949 -9.12510266564 5.42159414285 2.60432692615 13.6584240679 19.5110304682 25.417858744 3.50200340861 9.85725889125
3480 22.9211250654 7.10898535753 1.48233442275 -9.21183573234 -10.1985098115 5.62665093478 0.98667407916 17.3973055897 23.0200957167 28.6641636262 2.70172284033 9.42583478918
3518 5.98195007931 3.27240956215 -3.55645300687 -6.21556744782 -13.1823796914 6.82886256902 6.96681224358 4.83649365954 7.6196848968 11.2913776926 3.54887614232 9.92620258183
