paper/figures/RAVE_group_llr_dv_tbl.ecsv
# %ECSV 0.9
# ---
# datatype:
# - {name: group_id, datatype: int64}
# - {name: lnH1_no_rv, datatype: float64}
# - {name: lnH2_no_rv, datatype: float64}
# - {name: lnH1_rv, datatype: float64}
# - {name: lnH2_rv, datatype: float64}
# - {name: dv, unit: km / s, datatype: float64}
# - {name: dv_15, unit: km / s, datatype: float64}
# - {name: dv_50, unit: km / s, datatype: float64}
# - {name: dv_85, unit: km / s, datatype: float64}
# - {name: sep_2d, unit: deg, datatype: float64}
# - {name: sep_3d, unit: pc, datatype: float64}
# - {name: R_mu, datatype: float64}
# - {name: R_RV, datatype: float64}
# - {name: chord_length, unit: pc, datatype: float64}
# schema: astropy-2.0
group_id lnH1_no_rv lnH2_no_rv lnH1_rv lnH2_rv dv dv_15 dv_50 dv_85 sep_2d sep_3d R_mu R_RV chord_length
329 5.57314453839 -0.382655656095 -26.8036440734 -12.0481525859 10.1728287479 8.81629965217 11.3740199719 14.2423215537 2.16632935087 9.51663175267 5.95580019448 -14.7554914875 6.56477484854
336 4.83615216019 -1.39322901325 -0.899292292083 -9.43189107895 1.4187569088 1.01890783289 2.04268833003 3.42237553611 0.0109001868233 3.06743579581 6.22938117343 8.53259878687 0.0117342665368
342 6.71265063658 0.924167845324 -106.086092621 -7.8651021645 20.8313496263 19.315555808 20.9343084596 22.5470279069 3.49107777653 9.26135811089 5.78848279125 -98.2209904565 9.17808534736
347 4.56359748622 -1.54563397218 -33.6352657312 -10.3671523434 11.4732236029 10.8470289706 13.0490879435 16.0428449699 2.07597047951 5.81719418122 6.1092314584 -23.2681133878 4.19124416622
361 5.95903164116 0.293975148137 -1.07421674663 -10.8692834483 3.82896766516 2.86502822654 4.58379264687 7.20492515592 2.93911189269 9.30091588095 5.66505649302 9.79506670168 9.06627163385
368 0.643807839163 -7.43034600037 -5.55986295867 -17.2404826687 6.28179967018 4.19483101359 10.8451314487 22.8905076471 0.00648767536307 9.3054435453 8.07415383953 11.68061971 0.0179346583364
404 7.77176900214 2.02879477246 -166.185189002 -8.84869015956 25.9632305473 24.5333734896 26.3295789397 28.1510733166 1.2368893745 9.16594058089 5.74297422967 -157.336498842 5.5450418483
431 4.2729432969 -2.05666117184 -2.59525108849 -11.2009785278 2.26735348246 1.56396122128 2.64454776089 3.97103440104 0.00420690276667 0.979061166371 6.32960446875 8.60572743931 0.00476702589286
444 9.14219542259 3.69436515449 -3.44522755629 -12.4417639158 3.75091177385 2.71476585543 4.36636546181 6.12896044957 0.0217241820462 8.72254089078 5.4478302681 8.9965363595 0.0732866931243
445 5.22684657446 -0.779092666597 -185.283797011 -9.93784851404 27.3248770256 24.977793458 27.4500727313 29.9462732121 2.14747327364 8.74869642142 6.00593924105 -175.345948497 4.49109703661
454 5.41840968948 -0.706972015839 -863.292678173 -11.6265842596 58.8363258952 57.3755253032 58.9386457329 60.4920423802 3.12014819347 8.92582724682 6.12538170532 -851.666093913 8.45859502726
466 3.81146249515 -3.08797527138 -991.851698031 -14.1515709137 63.403140415 61.191365947 63.6750759291 66.4099555774 0.846299807188 3.51770338999 6.89943776653 -977.700127118 3.03425876882
471 7.62847836976 1.68587504208 -4.77818911966 -6.94028809703 5.2651853597 2.56231934854 5.63538378724 9.44669980839 0.0271709985129 0.101460486801 5.94260332768 2.16209897737 0.0674707195437
500 6.96884085245 1.44156210483 -114.533639417 -6.88703898645 21.6627435353 17.2589157908 21.6614655082 26.1760181483 3.08149041061 7.194539675 5.52727874762 -107.64660043 6.90640132288
518 7.08933647682 1.50761075356 -138.82166676 -9.17442135781 23.8700388232 18.5739650043 24.3375973417 30.1343501662 1.42240613706 4.37942021758 5.58172572326 -129.647245402 4.37683350744
551 6.45707506317 0.362774302486 0.488892206328 -8.67050847296 5.91326809111 2.5164638124 6.557316433 12.7306826341 0.712700921875 3.08987295471 6.09430076068 9.15940067929 3.03565637069
559 4.96125202118 -2.093493032 -0.850332849631 -11.0037886693 1.68416199903 2.28973691427 3.92932385753 6.55185766151 0.00247998892197 1.50071279366 7.05474505318 10.1534558197 0.00716074924808
567 8.27653311109 2.28190613828 -16.1024429566 -9.40072760403 8.31548583353 5.61688007355 8.68029762048 11.7564322483 0.00519211480697 5.53055195089 5.99462697281 -6.70171535259 0.0186878105251
578 2.89078808769 -4.95101017305 -138.933376029 -14.3628525061 23.480742835 22.7040104046 24.2636964647 26.0995786797 1.23276872737 5.35921583931 7.84179826074 -124.570523523 4.20965017982
597 4.17500999259 -1.04576682379 -818.964770875 -10.9282301138 57.3014866414 56.0429970597 57.3098258338 58.5803148328 5.71196281123 7.15475059047 5.22077681638 -808.036540762 6.9239346878
634 7.88226264879 2.31077648419 -50.1434730646 -6.45954797368 14.5364607914 12.6896692718 14.6478034014 16.6327343101 2.33921271164 8.65616841501 5.57148616459 -43.6839250909 6.21590198213
649 4.46740406859 -2.90010460554 -98.6326873742 -12.4371168313 19.8473714022 15.7946132548 21.0695159836 26.4411847381 0.0767799383759 4.25218449979 7.36750867412 -86.1955705429 0.267157899206
707 6.62544614131 0.705363132286 -171.347777616 -8.31661197182 26.2903022686 24.9546381988 27.1459886851 29.6336577823 1.96334132597 7.07492117687 5.92008300902 -163.031165644 6.78975400756
740 6.23521673038 0.753733524372 -51.157718875 -7.16569764384 14.4638681179 9.94434739421 14.4875136363 19.0633089948 0.0160173496554 0.638752961676 5.48148320601 -43.9920212312 0.0191330103508
743 4.40311913099 -3.77157749402 -3.53374007512 -13.1708166742 2.95049607454 3.01841679887 5.58684151883 8.99417260002 0.00180523623182 2.45424152713 8.17469662501 9.63707659907 0.0061119840606
745 8.27788634422 2.41993605201 -189.445811769 -7.19323748392 27.7329943963 25.6850110593 27.8720597347 30.0779389962 1.64612048621 6.70141094853 5.85795029221 -182.252574285 6.69694700808
762 7.20275068273 2.05210040599 -4.96835137987 -7.81469521781 5.03204574609 1.89915660627 5.18379388134 9.60715915972 3.5587841764 6.09488678766 5.15065027673 2.84634383794 6.03899502425
779 7.44640456785 1.51578983775 -1891.41594207 -9.62467618517 87.0556206357 85.0228793639 87.1205598112 89.2276077023 2.66301076644 9.70043744434 5.93061473009 -1881.79126589 8.4447607818
795 6.13921106663 -0.661955485409 -1.57507773415 -10.9005519931 2.39995337293 2.61267822972 5.08397304233 8.59405774591 0.026962315389 1.32526210131 6.80116655204 9.325474259 0.102222271954
813 7.27916501789 0.705607902667 1.44309658142 -8.41032624144 0.310953389255 1.47661596936 2.75567830243 4.48304014566 0.0080309083462 1.37081691897 6.57355711523 9.85342282286 0.0244086609134
842 4.63965586546 -1.34022300119 -19.6437571693 -10.0443154985 8.8159706315 7.89486007051 9.25930247086 10.6959508255 4.54061344223 8.45432317228 5.97987886665 -9.5994416708 8.38282692069
909 9.03077786831 3.1944077766 1.28255626604 -6.70291968814 2.70115504938 2.16863487989 3.9369159024 6.06288303444 0.0082651221665 9.28054968935 5.83637009171 7.98547595418 0.036732951089
953 5.31431738836 -0.0130761108017 -0.317585054812 -9.05812449064 1.49538367892 1.18844107468 2.35212200529 4.13553884002 4.63250512636 9.19575678048 5.32739349916 8.74053943583 6.526598545
969 2.06903983365 -6.1309882933 -893.336652107 -16.3620647521 60.4540486932 58.4156979624 61.0481476682 64.2837867545 0.755417079854 9.11656581442 8.20002812695 -876.974587355 2.88860298666
972 7.89497992165 2.71673743162 -292.961351856 -6.36932405737 34.4195873148 31.9256696594 34.448077035 36.937460267 3.07950646186 7.86454870077 5.17824249003 -286.592027799 6.88325073296
997 7.26282008432 1.18609248187 -0.374018510065 -8.22138171493 7.24357719162 4.27241739262 9.11496642566 18.3215761592 0.533157702298 9.95296978028 6.07672760244 7.84736320486 4.08959399876
1002 8.60850203309 3.05843551047 1.91954837857 -5.95177794706 2.18607326934 1.79287597285 2.94417445279 4.27881460592 1.4585564699 6.54048397392 5.55006652262 7.87132632563 4.57074037916
1029 6.78002969374 0.834421345736 -2.32574981435 -7.63078819956 3.95281692037 2.69310622573 4.12527505295 5.61641949664 0.0123138478037 3.0858581705 5.945608348 5.3050383852 0.0231649067181
1045 5.77654326052 -0.162893299495 -44.5866829068 -8.86599932119 13.7254395316 11.6887384241 14.0316523974 16.3952703139 0.622226502756 7.73632633394 5.93943656002 -35.7206835856 1.45170878608
1050 5.78046011105 0.145284604236 -382.331855699 -10.1701289061 39.5921642947 38.2716482227 39.7305408494 41.2325386367 1.71437261609 7.82760586096 5.63517550681 -372.161726792 5.95917588222
1086 3.75570504681 -2.57140421576 -100.892777403 -11.593546676 20.2119796988 18.3824358988 20.6251494767 22.8839474924 3.26174281098 9.44564516814 6.32710926257 -89.2992307274 9.42883633781
1104 3.75487540156 -3.9749505974 -485.044718341 -13.8388941857 44.4626774482 43.1838296665 44.8061735955 46.5584820676 2.70640163336 9.36577360096 7.72982599896 -471.205824155 9.04380375461
1123 4.74448474122 -0.719107997602 -1.67916730597 -8.93309847883 2.11576930111 1.50544371079 2.57657773885 3.70311922213 0.0176231600983 0.64146703904 5.46359273882 7.25393117286 0.0166029830468
1160 6.39502129062 1.3778423197 -80.2394862659 -6.65275161841 18.1319587553 14.4975963972 18.2040077196 21.8536716303 5.97454957374 9.88568417132 5.01717897092 -73.5867346474 9.58843576369
1166 9.65611567513 4.49817907268 3.98178699028 -3.36754617096 1.60513465777 1.42072575164 2.77040546898 4.98418284359 0.0150182318318 5.28799912458 5.15793660245 7.34933316123 0.0468982430407
1171 6.74024041936 0.857468686242 -15.4964719366 -8.13308046561 8.21236053388 7.0400210294 8.32290474083 9.61588145581 3.38571369926 8.63298863656 5.88277173312 -7.36339147097 6.66145169558
1174 9.18298090834 3.87114522091 2.97211267103 -5.71961350682 1.24468967288 1.2702278129 2.25754159485 3.5078327114 0.00647143971985 3.31226327023 5.31183568743 8.69172617785 0.0231160766658
1199 6.11515067756 0.281978924783 -387.508146618 -9.10945650817 39.4579735789 38.3779208097 39.5983494144 40.8190909026 1.41839603124 6.20038395454 5.83317175277 -378.39869011 3.47466704908
1204 5.41804771157 -0.839678463962 -1069.43205352 -11.4011563188 65.4958894558 64.0212295882 65.5945624759 67.1799610869 1.95818938699 6.17575807521 6.25772617553 -1058.0308972 5.54055606878
1221 3.21785578561 -3.60441587165 -5186.18330615 -16.7641842149 144.197978682 142.337160463 144.206995556 146.089149177 5.27027715296 9.45049223758 6.82227165726 -5169.41912194 9.42967776444
1231 5.16020377566 -1.16474526317 -942.285314076 -11.1690093588 61.7519664217 60.23290487 62.6960164432 65.7661515744 0.317383046541 6.6701043588 6.32494903882 -931.116304717 1.4211103545
1249 5.88264151503 -0.231928340898 -0.0379534267446 -9.28133960316 1.74403379966 2.71377632089 5.36806396381 9.17629848269 3.42231842399 9.73497536534 6.11456985593 9.24338617642 8.50809599818
1253 6.14753344601 0.181384075855 -2.50546612782 -9.37444248131 3.52330249997 3.29972073651 6.97169631916 13.4457643554 1.71831757527 4.14581429356 5.96614937016 6.86897635349 3.28449107815
1259 3.29776612905 -2.76754251599 -536.00056625 -12.5108617637 47.0749840676 45.3662968523 47.4437565904 50.5179732382 2.2618138805 9.83884466739 6.06530864504 -523.489704486 5.50302795216
1285 6.5028478458 0.719004147731 -70.5522859853 -8.02663878374 17.128155039 15.113382864 17.7149880777 20.3971397754 0.00289093970885 5.65887555095 5.78384369807 -62.5256472015 0.0088589354932
1312 4.40379072221 -1.57311337132 -19.2459687479 -10.7544538161 8.67166608209 7.97427995591 11.8810600442 17.4870912024 2.15282275488 8.90680898758 5.97690409353 -8.49151493182 7.52519158236
1325 5.81874531509 0.0127215972293 -58.6130570594 -8.70976924082 15.8103087662 13.0783473279 16.0867775224 19.1210204617 2.47095132089 6.63954110581 5.80602371786 -49.9032878185 6.57292493023
1345 5.22283064707 -0.631839445998 -100.442864062 -10.1537339725 20.1044338651 14.2521443056 20.2799805865 26.4086369079 1.72478577072 5.70543702965 5.85467009307 -90.2891300894 3.21032005654
1346 4.06782004678 -2.78914347894 -6.96257782455 -13.5811020786 5.17886578088 4.30344540893 6.05836895558 8.97542289438 2.34356362953 7.15689187556 6.85696352572 6.61852425409 5.61460918037
1349 5.23192134851 -1.34423501009 -339.155420035 -12.184580719 37.657871341 35.7257172805 38.0903077565 40.8433067338 1.05470254426 4.57491893966 6.57615635859 -326.970839316 4.46310696075
1401 8.8853163863 3.35493764677 0.943038516038 -4.54316112397 3.37745563977 2.08832607918 3.96045166785 6.06638221988 1.38715069185 6.49947490752 5.53037873952 5.48619964 4.18304560158
1424 4.41006327031 -1.86499791479 -22.2284410646 -11.9711477982 9.5981549559 8.03894660126 9.85024560175 11.6755688973 0.0290897931236 7.51280574331 6.2750611851 -10.2572932664 0.0533359373833
1454 7.14733835343 1.04736936307 1.33921152011 -7.64862306818 2.53501207798 2.10220212653 3.87775854545 6.98011238014 0.00518216155149 3.3191839109 6.09996899036 8.98783458829 0.0198168033749
1466 7.16910002941 1.0241141025 0.823045142319 -8.37582472959 7.5022225656 3.32068948152 8.08312447248 17.2299148784 1.42157598031 8.3614384756 6.1449859269 9.19886987191 8.22081770853
1472 6.58990110077 1.03078689842 1.27917687174 -6.89988592365 1.39965733616 0.962249578684 1.88256881079 3.28266951865 4.33181824555 7.73938973027 5.55911420234 8.17906279539 7.62815551576
1496 7.61089848593 1.34860346084 -66.1033309396 -8.21904062901 16.7153266238 14.9792351926 17.92551254 21.3006291363 1.1971749902 8.17893475246 6.26229502509 -57.8842903106 6.34693886156
1514 6.62212377578 0.524590954474 -53.4569005519 -10.9899435717 15.2709716493 13.7870491461 16.2796244454 20.1984431977 1.60245780415 9.23211576313 6.0975328213 -42.4669569802 6.69628734721
1572 3.83814645569 -2.43580757436 -46.2328442357 -11.6033277715 13.5468664349 11.9592697919 13.983598393 16.0736654417 3.38443845103 9.93289910706 6.27395403006 -34.6295164642 9.4497896434
1574 5.58956123804 -0.998456068125 -738.973213486 -10.5926908361 54.5950077397 53.0772903388 54.8170059237 56.5727879218 2.29482596707 9.42097993578 6.58801730617 -728.38052265 7.30819362133
1585 7.29673157588 1.59761807797 -33.2973352899 -8.50530589136 11.7586967751 7.77658144307 12.246462772 16.8778378557 0.0116339789535 0.0936193671834 5.69911349791 -24.7920293986 0.0296714126712
1595 7.39443117471 1.81790204618 -1.51893017788 -5.97041799056 3.97660271105 2.82444175227 4.06073172774 5.32134186184 0.00907117416509 0.72593746294 5.57652912853 4.45148781268 0.0169596657352
1597 5.25208909379 -1.35443365797 -553.941537385 -11.5177930364 47.0734496029 45.5520034603 47.0978571882 48.6680069103 1.31337299327 8.21767227085 6.60652275176 -542.423744348 2.38003120298
1604 5.06509581386 -0.653211656034 -22.0354426607 -9.74254051934 10.3486686082 9.130721237 11.3651349296 14.6119224775 1.91666714658 6.81436787693 5.7183074699 -12.2929021414 5.26474999467
1609 7.69622237548 1.83441929033 -340.990029609 -8.13792888409 37.0697768618 33.5578962528 37.5204005452 41.5020275126 1.19017304336 9.00162220164 5.86180308516 -332.852100725 5.43045096939
1622 1.10938993799 -6.80593786794 -5.75867699885 -16.0447865737 3.10647706145 2.26672227617 4.424488509 7.01269971374 0.23253134048 1.88005037166 7.91532780593 10.2861095748 0.230919176387
1659 7.64758625754 2.47086080968 -430.73691661 -9.19197291286 41.5567434104 39.6287201575 41.565399961 43.5244723084 2.32324039802 9.01943393176 5.17672544786 -421.544943697 4.984450682
1662 7.80580481004 2.12223921486 1.18153648776 -8.48647850816 0.592068571959 2.16532470059 4.63926842994 8.77356223666 0.0333533272868 3.85887806829 5.68356559518 9.66801499592 0.0790983329798
1666 8.90398023863 3.37846338233 -107.558736077 -5.1276768223 21.1003350328 17.6776473237 21.4633798821 25.2370778566 2.01356936089 9.83808722361 5.5255168563 -102.431059254 8.9319803975
1700 4.45766459574 -2.05856613505 -813.900778887 -12.6319724533 57.2146703917 55.3542749035 57.6030242974 59.8878234152 2.3465236083 8.79685434634 6.51623073079 -801.268806433 8.77802658121
1707 9.07003054825 3.45028267889 3.73815329268 -4.50937922524 0.564860722841 1.27575395737 2.37601593738 3.86283039008 0.00560914624167 0.393078440778 5.61974786936 8.24753251792 0.0193495298861
1737 3.85303958901 -3.07019340241 -2588.17394258 -14.6402879559 101.758692662 99.9544897982 101.77052684 103.571558858 3.38108022789 8.43510042115 6.92323299143 -2573.53365462 6.06166834897
1738 4.17082324066 -2.29037938491 -525.364675554 -11.6984664585 45.8774540477 37.3830267104 45.8848698845 54.4548591169 2.90201247734 6.92257449967 6.46120262558 -513.666209096 6.18925696554
1780 6.19738613902 0.671824658635 -0.516309666764 -7.57153287555 3.17045304642 2.20232527315 3.47425138311 4.93758950751 0.0324219632888 3.57699600899 5.52556148039 7.05522320878 0.0602108457082
1786 7.90126777877 2.25939343831 -152.485171027 -6.35953433717 24.945371011 23.7333996577 25.030573022 26.3311597241 2.03951229209 7.40671374524 5.64187434046 -146.12563669 6.68048641922
