paper/figures/RAVE_group_llr_dv_tbl.ecsv
# %ECSV 0.9
# ---
# datatype:
# - {name: group_id, datatype: int64}
# - {name: lnH1_no_rv, datatype: float64}
# - {name: lnH2_no_rv, datatype: float64}
# - {name: lnH1_rv, datatype: float64}
# - {name: lnH2_rv, datatype: float64}
# - {name: dv, unit: km / s, datatype: float64}
# - {name: dv_15, unit: km / s, datatype: float64}
# - {name: dv_50, unit: km / s, datatype: float64}
# - {name: dv_85, unit: km / s, datatype: float64}
# - {name: sep_2d, unit: deg, datatype: float64}
# - {name: sep_3d, unit: pc, datatype: float64}
# - {name: R_mu, datatype: float64}
# - {name: R_RV, datatype: float64}
# - {name: chord_length, unit: pc, datatype: float64}
# schema: astropy-2.0
group_id lnH1_no_rv lnH2_no_rv lnH1_rv lnH2_rv dv dv_15 dv_50 dv_85 sep_2d sep_3d R_mu R_RV chord_length
[from data line 168]
3721 3.71948863888 -2.39689572549 -34.6761654211 -11.4065711399 12.9542689563 11.4722990299 13.3620974336 15.6019287471 2.83984753277 8.03333465585 6.11638436437 -23.2695942812 7.90700049922
3732 6.60434633943 0.278689224949 -129.876572506 -9.48942223998 22.8732701735 20.8801314329 23.2885436279 25.7153912007 0.860870918716 9.4297479477 6.32565711448 -120.387150266 2.7220227584
3733 6.16254887068 0.703163986073 -0.431365320656 -9.62439005922 1.54099444258 1.14216325352 2.25319290914 3.724428582 0.00404532352417 2.95200540091 5.4593848846 9.19302473856 0.00633977505085
3753 7.67676783727 2.51919622037 -9.88092404192 -7.37944950388 6.84883368933 2.9334737785 8.70102488834 17.8805258827 2.85434522253 9.40900706678 5.15757161689 -2.50147453805 5.26759907779
3771 6.48890200823 0.0763676697518 -1061.65791989 -10.0828446228 65.2806713386 63.0383086676 65.533706605 68.0195120033 1.34581797324 6.14062963913 6.41253433847 -1051.57507527 5.84807853638
3780 4.64851825473 -1.80635345722 -250.062669868 -10.8725364638 31.634726626 30.1889035391 31.8995610695 33.6098285223 2.29792643033 9.24421778953 6.45487171195 -239.190133405 4.58166961109
3801 6.62104795413 1.24217188182 -133.368926961 -10.233901894 23.143372375 21.593701018 23.232167748 24.8495535279 4.2253214182 8.49262201063 5.3788760723 -123.135025067 7.89841874922
3811 7.91342571248 2.23094724071 -12.0148533738 -6.55301357094 9.62667249403 7.22745923501 10.4153291621 14.0957324349 0.778552172619 6.49375912592 5.68247847177 -5.46183980285 4.39439847404
3850 2.36016952897 -5.29851240269 -457.626451233 -14.8816084246 43.1274201062 32.9602138574 43.5288665492 54.0683961681 4.23049043494 8.89045484193 7.65868193166 -442.744842808 8.82332775554
3853 7.5835076734 1.74014629989 1.09389478638 -6.80843093461 2.3937203058 3.07675064734 6.24465417793 10.3163972474 0.0109239595457 9.21099492354 5.84336137351 7.90232572098 0.0355402417621
3862 3.61575158659 -2.87867716012 -1.81258626532 -11.0866096989 0.844350771586 1.20838773669 2.70331502293 5.36365570519 0.343417807334 1.08285876488 6.49442874671 9.27402343358 0.294408303709
3940 6.22289092626 -0.375647912615 -348.599600353 -9.58168791069 37.3941532711 33.5105579338 37.5862490142 41.6817093981 0.512932501005 8.03924619068 6.59853883887 -339.017912442 1.8014438609
3951 6.4297984331 0.918102576095 -71.8012836699 -7.88271300321 17.9551655836 16.4665008307 18.1549835221 20.0843200674 1.81165715188 8.62170060743 5.511695857 -63.9185706667 7.01956436024
3992 7.12168257313 1.17488712786 -21.2901728302 -8.25861109742 9.64786734216 5.19330264702 13.2569084341 26.7930603346 1.76288239995 5.9364370838 5.94679544527 -13.0315617328 5.00528305778
4036 5.97550247071 -0.71131378236 -0.207646875852 -9.58784391826 2.82257369082 1.88717603705 3.60030800641 6.09925426002 0.0250215477715 6.69209252317 6.68681625307 9.38019704241 0.0736984345803
4055 6.94951013451 0.506006319806 -345.545920632 -8.66610487333 37.4956651686 34.4786890216 37.8935075475 41.273875527 1.37797372541 6.24002717795 6.4435038147 -336.879815759 6.23952647628
4084 4.66409401057 -1.72142541775 -1.84619450578 -11.3016371794 2.62706398969 3.31894792099 6.68977183686 11.2169818031 0.351521559966 4.39357049954 6.38551942833 9.45544267361 0.908239698897
4137 5.18013609354 -0.868599828073 -9.16723895314 -10.006225791 6.15483510519 5.7536297541 10.6569603511 17.4557664946 2.10930955413 8.62575967816 6.04873592162 0.838986837902 6.88318171836
4151 7.96399999229 3.01471262051 2.44774457686 -4.68061748939 1.5497357193 1.31479704024 2.51240237415 4.00437921563 3.54956542466 8.45612247112 4.94928737178 7.12836206625 7.53888906319
4219 4.25425913989 -1.47621867849 -8.00279008056 -10.2750304468 5.270060278 5.02981544693 7.31597897649 10.4968784092 1.52678263397 2.69849915727 5.73047781838 2.27224036628 2.64969564433
4222 7.5176627413 2.16237511867 2.26239909357 -5.68083914624 0.63514364743 0.968272352012 2.04573570842 3.86226968097 0.0078860300255 2.98552005423 5.35528762263 7.94323823981 0.0131681467131
4280 7.50357261828 2.53296755838 -1.78367669357 -5.27502096626 4.55774611145 3.46456058995 5.06664227967 6.8061572894 0.00488918828511 4.57264039052 4.9706050599 3.49134427269 0.0105990338358
4290 9.02373597038 3.31301925753 -1.39913766058 -4.63268171206 4.59664496223 2.02773358089 4.76556620586 8.29187614413 0.0051391565079 3.55791519151 5.71071671285 3.23354405148 0.0160292498684
4315 3.37879613814 -3.06413428531 -4.01496790238 -12.3312623808 4.98708716613 4.11441058243 6.38073959273 9.32991945396 2.56586259742 8.47563017314 6.44293042344 8.31629447838 4.93200603087
4337 7.35792612574 1.64708523346 -0.359818899908 -6.45954911128 3.34538051581 1.96272069093 3.90161093041 6.2114361748 3.81658336661 9.55416539977 5.71084089228 6.09973021138 9.1095061108
4386 4.56545755465 -1.54849897322 -62.3479590596 -10.5060971514 15.8661171676 11.2786319576 16.3506685236 21.5780060862 4.66629494494 9.25387216573 6.11395652786 -51.8418619082 9.0862263743
4388 7.30123272611 1.66651892565 -493.688435233 -7.72455427817 44.6872527668 21.6406168277 44.7873822702 68.0919756609 2.19140843144 8.43226521952 5.63471380046 -485.963880955 8.42392785823
4412 2.83643890731 -5.3386512177 -158.424425955 -15.299866878 25.1710611735 21.7960602103 26.4649311079 31.2449198021 1.36502931222 8.46723689761 8.17509012502 -143.124559077 5.39695205263
4421 7.93421362659 2.30340781682 2.33290971166 -5.95286453014 1.24053536368 1.19587389778 2.04834218031 3.01827310315 0.00865483124789 5.02728324149 5.63080580977 8.2857742418 0.0221821611799
4427 1.82905197068 -6.20339313283 -6.44617915141 -15.362392402 6.87797746346 3.95856529147 6.72978191858 12.6966180429 0.00777870864739 7.64445409206 8.03244510352 8.91621325061 0.0145555294257
4473 4.40811347021 -2.17641132655 -3.89023523538 -11.2207431462 3.62038058258 2.47795325763 3.98390523291 5.55690870689 1.87450729312 2.93896047541 6.58452479676 7.33050791084 2.8428816524
4482 5.92532960896 -0.592421575672 -1063.86375472 -11.7937534256 65.2434270973 62.3398219198 65.3117168617 68.2603476565 2.02366101412 5.15482813614 6.51775118463 -1052.0700013 5.04234404149
4486 9.38797897246 3.83557237205 -141438.61895 -124.580183937 752.144366474 706.181567923 752.294471299 798.199424397 1.13342596558 7.61985223921 5.55240660041 -141314.038766 4.4296412584
4496 7.10013292681 0.93453378345 -48.2217036475 -7.95293860316 14.2518822167 12.4411699108 15.4566231528 18.6053029559 0.282894778294 1.61697765973 6.16559914336 -40.2687650444 1.36752510125
