paper/figures/RAVE_group_llr_dv_tbl.ecsv
# %ECSV 0.9
# ---
# datatype:
# - {name: group_id, datatype: int64}
# - {name: lnH1_no_rv, datatype: float64}
# - {name: lnH2_no_rv, datatype: float64}
# - {name: lnH1_rv, datatype: float64}
# - {name: lnH2_rv, datatype: float64}
# - {name: dv, unit: km / s, datatype: float64}
# - {name: dv_15, unit: km / s, datatype: float64}
# - {name: dv_50, unit: km / s, datatype: float64}
# - {name: dv_85, unit: km / s, datatype: float64}
# - {name: sep_2d, unit: deg, datatype: float64}
# - {name: sep_3d, unit: pc, datatype: float64}
# - {name: R_mu, datatype: float64}
# - {name: R_RV, datatype: float64}
# - {name: chord_length, unit: pc, datatype: float64}
# schema: astropy-2.0
group_id lnH1_no_rv lnH2_no_rv lnH1_rv lnH2_rv dv dv_15 dv_50 dv_85 sep_2d sep_3d R_mu R_RV chord_length
[from data line 85]
1878 7.40168157718 0.864672589985 -0.698072595498 -10.4864977982 2.71331954139 2.48905373041 5.07055607195 8.34307764405 0.00213807184945 9.77680382781 6.53700898719 9.78842520275 0.00747068696161
1899 6.71530901577 0.848799971362 1.04090023271 -7.38987086094 1.89547170238 1.5394359725 2.61073701699 3.89946602109 0.50415008888 2.03736616461 5.86650904441 8.43077109365 1.12259934514
1915 4.48271569992 -2.14463741167 -1.8805884626 -12.3366770847 1.28724077653 1.08564444716 1.86747905284 2.86500146364 0.0116742691883 1.49204117374 6.62735311159 10.4560886221 0.0149815989663
1928 5.05872558542 -1.72502685479 -119.76893251 -12.5178899816 23.5956564859 20.2897874854 26.3704036345 35.2262164305 0.485770668496 8.3584146904 6.78375244021 -107.251042529 3.36562432772
1940 6.61333582761 0.293063218311 -157.103088905 -8.75445705242 25.2044054441 21.7629528553 25.5641826269 29.3970746684 1.83049840575 6.96410223427 6.3202726093 -148.348631852 6.2323698091
1948 8.16890797614 2.61697929088 -1539.23161873 -8.36867535091 78.5590497398 76.0488340789 78.6038984438 81.1150215011 0.257929260272 5.34800282431 5.55192868527 -1530.86294337 0.839096489442
1958 4.20097864829 -2.44881253262 -10.4168373315 -11.5043855574 6.48329419103 5.48232170083 6.97187217069 8.81776253554 3.55765353068 6.97163478092 6.64979118091 1.0875482259 6.85928557923
2032 11.0163619231 5.85445580526 -298.865258791 -5.36376082818 34.8138256487 30.0234891461 34.8801216499 39.6622927565 0.00997244111606 6.77114443833 5.16190611783 -293.501497963 0.0449103525608
2095 6.71017123519 0.449023965425 0.075873921069 -7.81794719109 2.27784379768 1.33500870625 2.99979513293 5.87639981094 0.0134905509898 0.210731490348 6.26114726977 7.89382111216 0.025461262688
2119 5.48017544241 0.105166513489 -27.9061530682 -8.52594631618 11.8652048734 10.165714373 12.307302036 15.0623341856 1.26087526851 8.52379835253 5.37500892892 -19.380206752 3.16115971466
2138 7.09767670704 1.01210125896 -231.001795492 -7.97473569834 30.5216087667 28.5867008569 30.7855564063 32.9793444293 1.63754661238 5.48829234841 6.08557544808 -223.027059794 5.31303724467
2158 6.26399647401 0.721925240481 -16.4621180596 -7.87131642311 8.44998839967 6.85625146989 8.67922166079 10.5161771092 4.30783107344 9.59907256606 5.54207123353 -8.59080163648 8.31179020525
2173 6.62226061408 0.372116641582 -2.55643556523 -9.21346313602 4.28220153998 3.72645072685 6.14631674942 9.51478291972 0.0066731584617 5.14111963233 6.25014397249 6.65702757079 0.0290954364931
2194 1.03011705231 -7.08118792201 -31.9553486321 -16.3908417529 10.656985123 10.0495378812 11.8480670508 14.1414135483 4.61800180582 8.77601718434 8.11130497432 -15.5645068792 8.74248943512
2221 2.73518029824 -4.82009470957 -16.9889200551 -14.0460363485 7.68937246597 7.52890466191 11.0679857973 16.8799227383 0.00679281344524 2.31541882065 7.5552750078 -2.94288370653 0.0209263392782
2253 6.31838582087 0.422357163734 -2.48362665838 -14.0082870479 1.16861976925 0.975305777523 1.84514287271 3.04430682597 0.00276825076004 2.10865383932 5.89602865714 11.5246603896 0.00445599835136
2280 5.08692537685 -2.11804549699 -13.7768860223 -11.1331130129 7.2990160048 6.79973750204 8.69171559989 11.4544830494 0.00474172049392 5.75952997438 7.20497087384 -2.64377300944 0.0139408939321
2310 6.02566284467 -0.278484116342 -372.36985329 -9.54719241537 38.9314708134 37.5518605754 39.2625183895 41.1564994791 1.40669004541 6.31858717755 6.30414696102 -362.822660875 6.15568132983
2329 4.62402207964 -2.53930476098 -1.94348723033 -11.8104203463 6.9253220625 4.02884051084 7.71752020798 13.8694026453 1.25792057032 5.69762763738 7.16332684062 9.86693311598 5.5469333354
2358 8.6274260584 3.4325734561 -174.141250112 -6.78701327616 26.6119763796 23.9438910832 26.6613632516 29.4117105462 1.51547798385 5.32731355984 5.19485260231 -167.354236836 4.65387271826
2373 4.70831002965 -2.22228887795 -2.35124242538 -12.3728476354 2.2787943046 2.07230280945 3.8343187093 6.28144538498 0.00204384716411 3.17136247479 6.93059890759 10.0216052101 0.00455610377121
2375 8.79035670578 3.33665376715 2.32619911347 -4.94876407805 2.1337355582 1.71632233781 3.37513072914 6.08385949487 0.0145381545741 2.33595653136 5.45370293863 7.27496319152 0.0445074207632
2394 8.29326073049 3.02657018275 -100.599569482 -7.76212622648 20.2760510217 18.0217010585 20.3496936954 22.6988149903 3.23149943728 8.39021082337 5.26669054774 -92.8374432559 7.77090452715
2433 5.72829640083 -0.413879134478 -333.572463655 -12.9078527698 37.0396658819 35.4558503131 37.316068594 39.3004488421 1.96980058727 7.42883131518 6.14217553531 -320.664610886 7.31664487433
2472 4.11573653648 -2.23983087518 -111.647975662 -11.6414321609 21.2004589824 20.9273422444 22.9242190383 27.2384694455 2.1333717584 9.46899321896 6.35556741166 -100.006543501 8.99809302548
2575 2.8724726987 -4.21643555529 -3239.92794641 -16.1194812664 114.248447419 108.508527184 114.373001648 120.268041182 4.06567089181 9.14990301406 7.08890825399 -3223.80846515 8.14801810045
2577 5.68322192975 0.0194796636487 -1.94043767281 -11.2034956187 1.8622583658 1.11849236475 2.27636391803 3.99253313777 0.00606802023181 0.716886630671 5.6637422661 9.26305794591 0.00695147345537
2599 3.5578072426 -4.23810670831 -719.325521989 -14.0231429272 53.826759942 49.5937418179 54.0693976025 58.5457299142 2.85280927344 8.64081068579 7.79591395092 -705.302379062 7.61450572572
2600 4.99339794842 -2.0242207136 -1.6030024211 -10.7944149369 2.04207802019 1.65131115796 3.17316249654 4.98506126117 0.0138524614482 1.03505360886 7.01761866203 9.19141251576 0.0247792680099
2606 5.52311697474 -1.54612651941 -35.4704200124 -10.6802396975 11.9301666333 10.9120619027 12.4927974037 14.1585720886 1.20334797822 4.35625735986 7.06924349416 -24.7901803149 3.6040866585
2609 9.27020572763 4.09327859752 -2.37446804076 -4.06633189716 5.14701785043 2.57901728503 5.57986037336 9.35752243606 1.89550545747 7.50205678181 5.17692713011 1.6918638564 6.14044991085
2659 6.8304692402 1.44506179903 -105.649241994 -8.95886135899 20.6163298237 19.1020417235 20.708838932 22.304935647 2.54647157181 5.0248090313 5.38540744117 -96.6903806348 4.51747243273
2677 7.14114807172 1.62197421839 -52.1405102664 -6.66002679968 14.7685250905 13.6136171696 15.0461826221 16.5013109527 0.502359151965 4.63843147708 5.51917385333 -45.4804834667 1.28888568645
2724 5.68177432416 -0.553889028249 0.0345095546348 -9.18980721608 2.6164825364 1.83467280292 3.58635473171 6.11367570823 0.0254559303936 4.84903421775 6.23566335241 9.22431677071 0.0566817415121
2774 6.89322603024 0.934989077746 -5.2472732762 -8.58396698884 5.29813720994 3.57215111311 5.97292665771 8.59018265355 1.39722277922 7.24853793938 5.95823695249 3.33669371264 3.45998869682
2820 2.97898678114 -4.31749549388 -172.393018201 -13.8409342978 26.3619222249 23.361785663 27.3006033575 31.280702035 0.790010513419 2.47354735427 7.29648227502 -158.552083903 2.23825408163
2822 6.15823155607 0.672016241015 -18.8592611971 -7.89857294453 9.55669786547 8.16832427776 10.182574098 13.1243568798 2.76287797961 7.55786137723 5.48621531505 -10.9606882526 7.36838236281
2839 4.33615827128 -1.65118590069 -48.232577355 -10.8977161975 14.036469526 13.2328704217 14.4156144533 15.6857491328 2.39909501782 6.08571944902 5.98734417197 -37.3348611575 5.13563393462
2866 6.99379668178 1.49212445141 0.77992515387 -8.27253702319 0.795026096864 1.26178984828 2.30527506956 3.84943712564 0.00736841388724 4.78757335996 5.50167223037 9.05246217706 0.0151510981073
2883 6.51745959518 1.02292694615 -238.535011239 -7.92213341029 31.2677599006 30.2931666581 31.7133833678 33.5317001668 1.29136824335 4.5546744053 5.49453264902 -230.612877828 4.42732734387
2905 4.82262271369 -0.687450510444 -3.02699236735 -9.82318162258 6.81139379693 4.26647519276 7.38350824251 10.9231965007 1.63504044332 7.06802296042 5.51007322414 6.79618925523 3.86838189936
2906 4.80269358214 -2.28924796631 -1.07408554013 -11.4771433544 1.77620419537 2.05028601511 3.80408188559 6.95266073008 0.0817450782243 4.15202522805 7.09194154845 10.4030578143 0.224595572927
2928 4.39795256268 -3.16781981868 -4.01647246894 -12.1437709611 3.29747122609 2.15831912127 3.76993285823 5.52978644003 0.0219250521311 0.754279074995 7.56577238136 8.12729849213 0.0349995895256
2929 5.99444836092 -0.334915579588 -5.26036311897 -9.37382021405 6.5308878809 5.53274289536 10.3493144759 19.6520196925 0.266536628429 7.90665156271 6.32936394051 4.11345709507 1.22933552406
2937 7.12034671502 1.33524480567 -0.131019351988 -10.4685993622 1.9795321695 1.47465928248 2.56467671366 3.92275081253 0.00661451063542 3.08982730792 5.78510190936 10.3375800102 0.0161540350126
3024 9.4601801205 4.04994167285 3.97610885965 -3.90944119519 1.12830700771 1.3992725215 2.62887012253 4.26521168006 0.0012579479343 9.27706863897 5.41023844765 7.88555005484 0.00427903510421
3044 10.6494116307 5.37407243203 -207.687153673 -3.43458243262 29.1900481114 23.8961305378 29.3640154649 34.7707089784 0.0351065705413 8.32007335109 5.27533919864 -204.25257124 0.182645999088
3059 6.33117155856 0.793102838615 -166.091101063 -8.86711510905 26.5018357615 24.1060043198 26.7593810984 29.4028221089 1.13248814412 4.61993521223 5.53806871994 -157.223985954 4.31649621748
3065 7.05414353367 0.857268162183 -0.108187926576 -7.49849497823 2.82582746556 1.97957526642 3.83198986325 6.40558905699 1.27665175853 7.50067442118 6.19687537149 7.39030705166 3.10620197914
3090 7.06979020337 1.80178216694 -7.14573537083 -6.65367962869 5.95646681872 2.42173741505 6.07741398139 10.6207935104 0.00416740169714 7.70617093397 5.26800803642 -0.492055742137 0.00622911711554
3102 8.07212945703 2.28796866 -1092.49450041 -8.22674242235 66.1823479542 61.9622849711 66.2303377356 70.5311878372 0.795654444707 7.97915851377 5.78416079703 -1084.26775799 2.35208615813
3106 5.42244334594 -1.58671523386 -61.1465741088 -10.9327749095 15.6390540948 14.8810303553 16.4041672135 18.2408504144 1.75915199361 7.08846619772 7.00915857979 -50.2137991992 5.4382251458
3128 8.09657104134 2.40304586992 1.42413667921 -8.44987695926 0.344581157108 1.18668884325 2.26343010854 3.69097218335 0.726143656871 3.6833624391 5.69352517143 9.87401363846 1.7235268375
3148 7.61455483162 1.80807709254 -92.5273604464 -7.04893128752 19.5095473229 16.3534819382 19.6291803665 22.8494240458 2.52050320242 8.32756368532 5.80647773908 -85.4784291589 8.07916908355
3157 8.48996739735 2.85147807008 2.58326860211 -5.59903636928 1.67945525183 1.73245136626 3.10484848695 4.89939415861 0.50241073645 1.88422670175 5.63848932726 8.1823049714 1.88014906567
3164 7.81665379074 1.85129301353 -775.623626014 -10.4294314436 55.8311575238 52.7428209842 55.9408074192 59.1662599705 2.3625739476 9.6520149511 5.96536077721 -765.194194571 9.53133465046
3192 9.13747004238 3.57802774904 -34.4000957596 -5.83815452406 12.2989686346 10.4127343358 12.4648088719 14.499801345 1.86645378309 7.36979768501 5.55944229333 -28.5619412355 7.34850595362
3195 5.78017485039 -1.38907102619 -7344.23817357 -17.1412421564 171.374909696 150.527985283 171.469615731 192.665898999 0.00783027186441 2.26333411142 7.16924587658 -7327.09693142 0.0296941888292
3213 9.9287616541 4.61237419114 3.69205142341 -3.22449824134 2.10536759254 1.26649502425 2.4702880483 4.07581886815 0.00677270515615 7.36002397188 5.31638746296 6.91654966475 0.0212635243831
3234 1.55982315773 -5.26679728788 -38.6964653311 -14.5003612005 14.223559432 10.7645595537 16.8982510836 24.4334148878 2.30261733059 7.05373072977 6.82662044561 -24.1961041307 6.17518515212
3253 1.5117109313 -8.01275882002 -7.36225986969 -18.2439016377 3.24442550222 2.74234385018 4.81150844139 7.24999778097 0.00320837598495 0.451040707073 9.52446975133 10.8816417681 0.00620233385797
3279 6.75454297436 1.11456468349 -1.16460907522 -7.42413147641 4.09527532908 2.62346848881 4.56625387386 6.61485145541 2.55296266727 9.04418271586 5.63997829087 6.2595224012 6.98817009666
3285 7.13608485474 0.808928349154 -59.0700547047 -8.07108426209 15.5689531709 11.1400816499 15.7638843491 20.3858545867 0.00669283798247 0.762280598714 6.32715650558 -50.9989704426 0.0198641652284
3296 3.24704709123 -2.89571327069 -84.8915962999 -11.6857464873 18.2740699167 17.0759021103 18.4527272749 19.8307372875 4.31262373032 6.6651539225 6.14276036191 -73.2058498126 5.86960739161
3314 6.61552113895 0.961032451349 0.371692947842 -7.73022616925 2.72139537932 2.45612129078 4.60162889989 8.13204789449 0.779767961856 6.20711601349 5.65448868761 8.10191911709 2.21592985248
3367 6.41235244277 -0.195212121722 0.408774589451 -9.19323821368 1.60262289616 1.58437804524 2.82363718184 4.62752770912 0.0236637242692 1.88752299539 6.60756456449 9.60201280313 0.0603261577861
3401 5.1438259324 -2.16773515608 -2.69601553413 -13.6893889987 2.2976629034 1.79573135553 3.32079693274 5.25211845056 0.00699630095697 4.68739987277 7.31156108848 10.9933734646 0.0156819607529
3412 7.96082191441 2.52327210468 -2.22994428772 -5.84174678616 4.37115899972 2.0115808764 4.43547112322 6.93226132738 0.0209818512417 0.664450922065 5.43754980973 3.61180249844 0.0389068237803
3413 7.6229922308 2.03537037556 -478.351708708 -7.21411260921 44.0232200815 41.5647076408 44.3325368043 47.1520735864 1.74463557995 8.5087852598 5.58762185524 -471.137596098 6.91534397187
3434 4.66203933195 -2.75372533996 -1.71569814089 -11.7064267261 2.36775268036 2.51910425085 4.42910036218 7.26954707725 2.15386724181 6.03413637316 7.41576467192 9.99072858524 5.96763038593
3456 8.60163155915 2.98340393315 -140.502575084 -5.62063731563 23.9984248322 22.1048604181 24.1674418875 26.2420238542 1.94448772434 8.27085353508 5.618227626 -134.881937768 7.05109635597
3467 6.75702647472 1.04928647489 0.430417857102 -7.91586167392 2.67825509859 2.12908873402 4.52425217206 8.10402998361 0.00905820491769 1.43228108742 5.70773999983 8.34627953102 0.0257227132065
3494 6.80881159597 1.39436128286 -18.1887583946 -7.00309954851 9.24168822739 6.44568635276 9.44178694529 12.4925029862 2.97125750702 9.67789450688 5.41445031311 -11.1856588461 6.73947630709
3514 3.64618995781 -2.33184091167 -31781.4179075 -39.8570712293 356.749738177 301.356556467 357.078304595 411.94999767 3.9396443261 7.93630287881 5.97803086948 -31741.5608363 7.13893999661
3533 5.53476509709 -1.12029508086 -438.625620707 -10.6308760011 41.9236171606 38.4795395613 42.1787966046 45.8597333131 1.57550108421 7.66739762359 6.65506017795 -427.994744706 3.89843325203
3569 6.35560348503 0.175047915263 -444.57496403 -9.16124214875 42.383377411 38.8644893118 42.7156178126 46.5956825628 0.60004247581 5.31318676849 6.18055556977 -435.413721882 2.29233611411
3593 6.29677524141 0.391844256528 -2.20220642754 -8.58540396078 4.51891211775 3.67467820689 5.07866329997 6.94422851598 2.96127128955 9.31823904799 5.90493098488 6.38319753324 9.0386450588
3607 7.17236548145 1.80899678767 -0.69510587006 -10.9404096124 1.13519245167 1.46293290523 2.74600573192 4.73499944239 0.00536569632404 0.249260727417 5.36336869379 10.2453037424 0.0101546853686
3615 6.10952611664 0.28327201071 -2.00364019494 -7.72892696514 3.57565052241 2.08771491691 3.92444893092 6.17017370265 0.0629173316377 0.454595799393 5.82625410593 5.7252867702 0.102062237691
3646 4.87081529507 -1.24516773229 -24.8169101528 -10.3305151873 10.2145819901 8.3771609276 10.533931323 12.8121582387 2.98895537003 9.86737947948 6.11598302736 -14.4863949655 6.03420572446
3676 6.83901536223 1.21902112783 0.707084874069 -7.06927816078 2.76429996363 1.76576940209 3.33698332894 5.54566163045 0.00139744367284 5.75192125945 5.61999423441 7.77636303485 0.00330970967966
3693 7.05002116257 1.40234993344 -22.1717023259 -7.14030572313 10.0190505347 8.18089635042 10.2660630613 12.3446503586 2.59516645436 9.15350378535 5.64767122914 -15.0313966027 7.05689212285
